gaia-dr3-mag8.ecsv
# %ECSV 1.0
# ---
# datatype:
# -
#   name: phot_g_mean_mag
#   datatype: float32
#   unit: mag
#   description: G-band mean magnitude
#   meta:
#     ucd: phot.mag;em.opt
# -
#   name: ra
#   datatype: float64
#   unit: deg
#   description: Right ascension
#   meta:
#     ucd: pos.eq.ra;meta.main
#     utype: stc:AstroCoords.Position3D.Value3.C1
#     CoosysSystem: ICRS
#     CoosysEpoch: J2016.0
# -
#   name: dec
#   datatype: float64
#   unit: deg
#   description: Declination
#   meta:
#     ucd: pos.eq.dec;meta.main
#     utype: stc:AstroCoords.Position3D.Value3.C2
#     CoosysSystem: ICRS
#     CoosysEpoch: J2016.0
# -
#   name: bp_rp
#   datatype: float32
#   unit: mag
#   description: BP - RP colour
#   meta:
#     ucd: phot.color;em.opt.B;em.opt.R
# meta:
#   name: result
#   QUERY_STATUS: OK
#   QUERY: 'SELECT phot_g_mean_mag, ra, dec, bp_rp FROM gaiadr3.gaia_source WHERE phot_g_mean_mag < 8.0'
#   JOBID: 1719964238171O
#   RELEASE: Gaia DR3
phot_g_mean_mag ra dec bp_rp
[from data line 23241]
7.0791044 80.11746384672777 -60.77971418437121 0.14297104
7.0791183 7.225920069873381 57.20968261488239 1.0719123
7.079173 233.38824893655183 -47.538121130635744 0.42043114
7.079255 21.345353187859047 57.63655513522845 2.8166537
7.0793543 82.4373613699919 33.34475496892964 0.7522669
7.079367 159.84529129401386 -55.98981926092641 -0.16223478
7.0793757 193.29982931550356 -53.2255518834175 0.084527016
7.079407 202.40987020657667 -52.757332354631046 1.2519665
7.0794206 277.87614295320225 -50.18599464936636 0.43410206
7.0794325 26.41156393013677 61.03966486771468 2.5672088
7.0795484 234.17728774045716 14.924698012496192 0.05911064
7.07958 291.74530734850225 21.106336571194934 0.2962289
7.0795913 174.4517480351622 -63.32319627249694 0.08617687
7.079664 281.4319872477305 11.497010226398602 0.100142956
7.0796695 156.8556345945833 -18.286813391966067 0.048641205
7.079728 170.2457494512911 4.880403058319335 0.56627274
7.079826 138.88068983639175 -56.260891407982974 1.643013
7.0798388 59.838185983601385 48.76207065627382 1.4437242
7.079848 328.86353449704455 -23.289471651523296 2.8293514
7.07987 179.39804917689185 -32.95826141959319 1.7365265
7.079904 90.52221561751857 38.72017642510203 1.0680795
7.0799046 302.8614719458211 -28.69509823164701 1.4430299
7.0800014 269.6954393052109 14.842904322980486 0.69633436
7.0800357 164.59827811144237 -44.9345253106802 1.3237796
7.0800543 249.81835828838263 -29.924229821297935 0.39789343
7.080086 231.27669749873166 -38.16933940834431 0.10701656
7.080206 112.5087147187818 -25.146183995244616 0.29715872
7.080238 88.0327260318383 65.15777135686956 1.4005651
7.0802584 187.52654716901816 -33.32844163061664 1.7628913
7.0803037 123.14555337404207 -36.66717955878584 1.8317089
7.0803638 209.71093424132354 14.562937741041464 1.2169361
7.0803657 63.351722548958264 3.902275177365941 2.5166368
7.0804133 184.91585883394401 -49.50222073761237 1.3010225
7.0804315 272.91979509376483 -35.02545163762843 0.031406403
7.0804343 48.047016807280166 46.38588301536157 0.61292315
7.080525 255.6840722883305 -54.56151749572641 0.19588804
7.080526 20.736909562526307 7.420286170441353 1.141078
7.0805564 159.39883234743962 -23.382280601032363 1.1916313
7.080574 115.29301734425245 -21.24721863447976 2.0060725
7.080598 303.87017269179245 -54.60801576388509 3.8013425
7.080778 322.5499580548536 -44.07464857412997 1.1631656
7.0808244 123.49151897642258 -44.750706570402045 1.2946801
7.080831 84.22161789696442 38.34216400607479 1.7038765
7.0808387 215.88063495510374 39.32710675847028 0.7290778
7.080856 27.40201243964633 -81.35918274218426 1.4484444
7.080875 174.26921875843104 -38.995197547976765 1.4114995
7.0809174 158.79785566738158 84.3995344558437 0.9841542
7.080933 48.932588268599595 -39.06335884667455 1.9498143
7.080942 31.00076131820036 8.094663836647094 0.66148376
7.0809894 166.49333807641702 -9.154432067409363 3.277638
7.0810337 331.0951052959369 -38.876523592279305 0.8348789
7.081035 256.9817733193837 32.105296778215504 0.7232046
7.08114 88.07207215459381 71.28945816531369 0.26315928
7.0811605 21.956793645004755 16.702437923825414 4.1683197
7.0811787 358.8126044887363 58.08942713620628 1.2337294
7.0812287 36.46701236970993 25.159624246987676 0.33574104
7.081235 348.4210563355457 2.203740590330491 0.55662155
7.081246 71.65613738492588 -68.54583381137411 0.69902325
7.0812497 213.29499717889462 -73.42623279282391 2.945374
7.0812707 27.812062167377047 -30.90246698327658 0.6325717
7.081279 92.38595929493948 28.665699983800778 2.2937088
7.0813437 313.2428491555458 1.964316263577905 1.2450466
7.0813513 351.928322158787 86.55900903340218 0.64859056
7.0813913 6.7829957260382 38.77794068852472 1.7135739
7.081417 207.49433030152818 32.52210115401557 1.4684072
7.081487 209.1090220994398 49.01233953496369 1.1343737
7.081507 88.30254989472174 11.813743446264668 0.6294923
7.081606 178.66543544497532 48.932734330547255 1.0815396
7.081612 149.066908932154 -38.50807596749095 1.9963479
7.0816503 205.89669963509925 -7.427265567227094 2.4497395
7.0817204 289.3124637072464 -21.071929481926546 1.2293005
7.08174 140.70622179947873 -35.523650176752994 0.71117926
7.0817738 70.82407788425074 59.52094660481691 0.30693674
7.08184 258.936229560925 -51.08329625782805 0.083865166
7.0818424 201.1627746545221 83.30892130693304 0.8599391
7.0818787 218.97651892720785 -77.11271805968198 0.01965046
7.081916 309.6926394219069 -33.6783725222019 1.2611384
7.0820227 35.09359074577922 59.67135996526273 2.8582892
7.0820265 107.43515656120984 22.36454225970965 1.5570755
7.082029 195.97659017864407 -3.663364557848107 0.3956337
7.0820365 297.9602388832658 -28.556936876097623 1.9097543
7.08208 161.02960433922075 -48.8966815588674 0.62202454
7.082115 41.533687542467476 -25.334837772521997 1.2461348
7.0821285 61.85301704942588 75.17367852089242 0.7132883
7.082129 37.393434921736535 -24.103795759299224 1.1735086
7.0821357 143.41120004442573 -49.75810132299522 1.1870079
7.0821586 278.8132311514463 72.27416615131318 1.221623
7.08229 62.16146781343268 53.360918839172776 1.036531
7.082333 99.27390443329925 -2.1790428998434854 -0.053342342
7.0823665 99.61931213772816 4.607184402302251 0.25568962
7.0824447 344.8285310355618 4.3582281340138005 0.68026066
7.08247 89.73289928648884 29.983662994967997 0.2035346
7.082472 269.6065400926758 36.87513025393269 1.1248765
7.082505 355.16728263825945 0.415885236732104 1.3266349
7.082559 307.43694231377697 2.996212068764456 0.008085728
7.082579 103.48358206404892 -4.3924483731803186 1.6793842
7.08261 267.53829145729947 -54.12973374546293 1.8316822
7.0826354 331.94016260898655 -65.10350092965258 1.5254412
7.082638 22.903594896392423 -12.258171443255867 0.4301114
7.0826645 318.37068830731863 7.167380430643114 0.42994547
7.082697 295.7022654586115 37.68686915587356 1.5797739
7.082701 187.56269619812053 -52.080660199241535 2.2296524
7.082798 146.17443021009655 70.28310736576375 1.8118563
7.082799 121.28222695509243 -17.0239235321585 1.2241316
7.082812 142.59093406574505 -31.54982912723926 0.49611425
7.082869 297.5496885670764 24.923356752784514 3.397963
7.082887 306.6824040756605 39.49593023209109 -0.0746212
7.0829067 303.0768644377413 16.21708856379384 0.9992418
7.082922 268.01267595659317 33.88814528354111 1.1536422
7.0829473 340.4371064903242 12.574231943310094 2.1462302
7.08327 287.51766236078794 -17.506066743007302 2.5066013
7.0832806 28.957814113185254 -29.113894423673738 1.1796532
7.0833116 239.17244816223723 5.910854932372406 1.2373929
7.083312 308.0186583735915 60.42199464262462 0.46906996
7.083356 119.0280582038845 68.25509619226224 1.9727883
7.083359 103.22785308755954 -12.154507905654363 0.33831215
7.083431 272.811510145772 -19.842463009813123 0.2776003
7.0834613 64.26627113085179 70.45169392001304 1.5474601
7.0834713 99.2644490707188 5.519422454171048 0.40294456
7.083473 18.973581313851277 -23.973139521126942 0.4175024
7.0835056 84.37280517399262 44.58950388310639 1.1113429
7.0835094 10.698309353766984 30.102436214590266 1.220437
7.083511 331.90970762136067 -20.759492041074992 1.3024712
7.083558 63.61224067080353 2.2362827222039714 1.7744384
7.0835695 235.08913537025182 43.84665310504947 0.4497552
7.083675 116.81290636577708 33.01102287981785 1.106113
7.08372 320.4961689656706 17.210382360882026 1.5274525
7.0838075 238.86968495236607 -77.7323654561623 1.1326199
7.0839357 81.88572281161991 -13.57922628268044 0.66932774
7.083987 30.60485573022966 42.849201102257716 1.5341468
7.084097 271.3128780558964 65.72346812783132 0.05819559
7.084104 307.7325059533098 -10.035607490472339 1.0986395
7.0842247 261.19994869516046 -54.562554724131374 0.19941616
7.0842276 201.50726546658606 -51.479455796124924 0.24729204
7.084435 228.50588979916566 -1.8864375491060892 3.6069775
7.0844555 328.9733718468028 63.26095740412095 0.7872133
7.084469 182.9959414623155 -25.941512473335685 1.3467674
7.0844755 149.2150534275595 -47.67651697204588 1.3041258
7.0844913 247.1006378690604 15.431261375892522 1.1184821
7.084531 156.56635164668538 -54.5215242874346 3.1515765
7.0846295 138.66856004357047 -14.946572425900126 1.8010154
7.084652 24.141377081071685 -76.371957689618 2.7105794
7.0846915 324.4298028731038 -45.58647888379911 0.62452126
7.084694 53.06364450665858 -65.41437254572436 2.1575732
7.0846972 106.64455141862759 -22.014715809678098 1.1174941
7.084755 282.4884443792239 -52.12212437704813 0.3699751
7.0847926 33.98539354649794 79.17912878455995 0.07010889
7.0848093 330.13384411473464 -42.45186249765989 0.8811989
7.0848494 296.4221252634794 -0.6968868564855969 1.1305027
7.084913 68.61189962035046 0.4065439809436315 0.83840513
7.084916 119.73845152695506 48.6254964602601 1.1699042
7.084933 339.30267431467695 23.47342228504777 0.40447092
7.084935 134.19563397342168 -43.65657622258698 1.4830432
7.084939 206.03659772889458 -43.44128441901046 0.008041382
7.0849767 16.516484335272104 57.756458919471044 0.07891226
7.084991 314.1078974707918 -7.271140916565139 2.4490461
7.085021 44.65001840489286 24.133756421461523 1.3425522
7.085058 168.32524776347643 10.447153240724207 1.3786345
7.085081 302.5276094444127 36.27409343283736 2.643046
7.0851398 303.5774542299142 30.17726872032533 -0.17910957
7.08514 169.85985188781 -28.47580724316341 1.0844254
7.085171 282.29603193505653 14.658030395016056 0.08921337
7.0851736 15.990114447717703 48.86113456187235 0.58499336
7.085188 151.03491488447247 11.6285379529015 0.3086095
7.085207 102.49456078183316 67.5133786543596 1.741529
7.085235 190.88741099047496 -13.85967522230056 0.06786013
7.0853043 133.8656033540071 -14.405896019836293 1.6446776
7.0853906 260.0022341467097 15.884643880169069 1.2386518
7.085435 337.8887203046289 -53.3825395187211 2.5999117
7.0854497 214.87762644858074 -46.1001552190657 0.095355034
7.085489 280.111414006316 46.09572893056263 2.9133954
7.085525 194.67088195966915 22.041783244672615 0.72455835
7.0855474 69.62004451578444 -19.640861056565985 0.34841537
7.0855875 225.1453271060597 8.598757150543472 0.86475277
7.0855947 75.75811980299521 -8.663169998395997 -0.08527613
7.085648 71.94298042330281 36.72278112167541 1.4846635
7.0856905 287.64153704400786 42.02222564745399 0.060257435
7.085725 90.5269497946332 -27.427722021141502 0.5643511
7.0858064 353.23108738546097 -3.016771190133891 0.1414671
7.085822 114.14872402371597 -14.483428821735744 -0.04258442
7.085936 127.46557974356035 -30.325830874594896 1.5510774
7.0859513 38.32141286713776 -26.291013385014143 1.850131
7.086141 125.33442626782589 -1.6021506522820168 0.023673058
7.086155 107.35394726880357 -60.38012647553892 0.97894955
7.0862174 295.46923251590755 27.3821751922741 -0.023757935
7.086239 169.6322818246557 56.19470703400176 1.2275
7.0862713 216.48267893245847 0.9925768673822326 0.005859852
7.0862827 319.8020475125546 22.377760345630453 1.5485525
7.08637 288.14355846970795 16.846364920341088 -0.020104885
7.086404 330.8371579179846 54.88007255378755 -0.07576847
7.0864787 120.73795448883463 12.94429963885587 1.1336994
7.086495 350.51275805142495 48.795158579594805 1.2422271
7.086581 169.5952622804983 -5.067973226795478 0.9204879
7.0865903 302.73396728559294 84.54470577518507 0.48883724
7.086657 247.91824612057206 -40.224988376969186 2.5408401
7.086683 281.9933944900166 -18.22871097144327 1.4328041
7.086717 269.97132604168786 12.8149641100949 2.9701986
7.086773 312.3111040223931 14.605769840735956 -0.037740707
7.086793 341.86119340692704 -44.965105961035384 0.76373243
7.0868564 283.98704835452185 49.80049656246762 1.4937606
7.086896 24.9414980352964 -17.550696315040298 1.2403922
7.0869217 70.51701233245076 24.01072456314577 0.62182283
7.0869517 231.14740175576384 54.21255720921611 1.245079
7.086998 117.12731112343836 -12.218580911824048 1.9133158
7.0870504 19.333887218603593 55.918490561121494 1.7308369
7.087132 278.6385972553624 -14.568769249941386 1.8567271
7.08715 17.726608165732063 9.564966368672298 0.75218916
7.087165 66.04746621445787 -57.072217259228566 0.8566065
7.0871716 62.66464741389138 61.7389913541573 1.9063382
7.0871973 152.17700009498805 -24.986786881232536 1.3109717
7.0872407 13.330831932196114 49.65562735133127 0.03432846
7.087243 326.08353099735655 55.38009390965298 1.6900253
7.087273 103.62011313417706 -43.10843785990689 1.9927044
7.0872936 129.8051123846273 7.5732124307680975 2.3247404
7.087384 142.16141946515143 -25.433664279713646 0.3011856
7.087456 284.46002139358956 -46.73623826246015 2.4036946
7.0875525 48.7703705929493 -13.828050030333028 1.1572232
7.0877295 353.67244976232973 37.80032302663133 0.73283863
7.0877867 324.3382256842312 -18.441644735688865 0.5506153
7.087813 16.285685170679894 -83.59024722308327 1.2104287
7.0878177 58.174342624635614 65.53154351982698 1.085226
7.087931 159.79041966012898 -25.85165647894413 0.59419155
7.0879774 63.853850284491465 -36.203921388503765 1.4869585
7.0880136 179.12338793610223 34.90347367226013 1.2412286
7.08802 20.94340709728017 48.376079313982224 1.6788144
7.088181 286.86049691197354 6.162705987030689 0.18758154
7.0882206 155.39748492881787 -3.859427596629145 1.3836241
7.0882487 334.3840975806374 70.05881370627237 1.2059894
7.088268 123.63314093349916 10.188315874915814 1.0955167
7.0882792 303.58577475014204 17.015227567706848 3.3633227
7.088302 82.74210219659419 71.9242813697356 1.286324
7.088307 75.03423964362993 3.2866094001395147 1.454289
7.0883193 13.331046082158355 4.086092299927374 0.49440098
7.0884447 83.1148497581485 26.98149324397102 0.33094692
7.088517 266.59448825031603 -72.82211004539208 2.3660097
7.08853 264.81638434690143 30.25316010657881 0.5714121
7.0885396 239.30275143076196 -21.48573102592747 0.28544855
7.088559 143.3192078900359 -38.637271307664136 0.8304734
7.0885925 5.559243673755339 -5.19201618818886 0.20387936
7.088593 120.13500904497721 18.84309562304099 1.2779236E-4
7.088617 253.5419060089567 15.623398414467905 0.63568115
7.088685 74.90224238073525 25.935462188747337 0.97547865
7.0886908 293.8459000014339 11.938393646392518 2.1651282
7.0887384 225.8941533043452 82.8245443899742 1.6524377
7.0887413 272.2231274312394 -42.65705627191954 -0.13804388
7.0887794 297.92832489540945 -10.949125393087318 0.5678487
7.08879 41.635789857488945 -76.1933130100467 1.222476
7.0888352 188.27617947560464 -47.04553724128533 1.1554027
7.0888443 291.9170488767389 -18.350925878773154 0.6184397
7.0888815 313.0898826767921 -21.230850885776785 1.1744461
7.088946 122.19310574211273 0.7540261934019192 1.146389
7.088987 200.1883809486395 -11.450404477035477 2.9537444
7.08905 124.32338499006116 -42.521509116540535 0.47905207
7.0890894 300.98146268252 23.847316129154173 1.1188011
7.089097 262.6961837229363 -56.863602665646624 2.5663962
7.089121 7.963150948629743 18.1049382967707 0.6982517
7.08913 104.34981111060469 -56.101139513391104 1.1216378
7.089155 139.11305559254254 -38.65999017019314 3.0698857
7.089195 356.6429419841134 -8.997254859822485 0.73402023
7.0892367 221.74870944746974 19.799377052745836 1.3103218
7.08925 126.30813593293267 -7.17028240583346 1.1170139
7.0892735 90.15361937046067 59.885191029550825 1.8001547
7.089336 304.14389758085827 21.404596894102703 0.1158824
7.0893497 126.5802965926832 70.12817071067089 1.1016245
7.0893965 287.6902166489746 31.634770193864348 0.47673988
7.089406 99.05205258473626 -36.13885480151462 0.7875638
7.089454 324.97588772932187 -37.986758039274676 4.4712744
7.0894666 71.17819426316697 3.9969842661894077 2.2614002
7.0895033 325.8872611150411 24.97622035062354 2.015822
7.089508 122.96296845578875 5.797303668241625 2.5604463
7.089571 317.9149417836517 53.74620674138181 0.0071954727
7.08963 101.42919560668125 -20.852671930574996 1.3442659
7.0896554 98.59024610157367 3.30642567064041 1.1131015
7.0896945 126.7281898955791 -6.202999335317536 1.6393747
7.0897026 53.21293584976655 5.254475370497722 1.1023173
7.089752 82.21589382064653 -50.71538165476604 1.6077871
7.0898423 173.71900828090645 -46.45430125243131 1.7818241
7.089875 130.08775105901452 -42.389049496499986 0.21675825
7.0898952 283.64945886025424 9.68553605257746 1.2183046
7.0899467 99.69010022713286 -16.26089167536422 0.026371956
