gaia-dr3-mag8.ecsv
# %ECSV 1.0
# ---
# datatype:
# -
#   name: phot_g_mean_mag
#   datatype: float32
#   unit: mag
#   description: G-band mean magnitude
#   meta:
#     ucd: phot.mag;em.opt
# -
#   name: ra
#   datatype: float64
#   unit: deg
#   description: Right ascension
#   meta:
#     ucd: pos.eq.ra;meta.main
#     utype: stc:AstroCoords.Position3D.Value3.C1
#     CoosysSystem: ICRS
#     CoosysEpoch: J2016.0
# -
#   name: dec
#   datatype: float64
#   unit: deg
#   description: Declination
#   meta:
#     ucd: pos.eq.dec;meta.main
#     utype: stc:AstroCoords.Position3D.Value3.C2
#     CoosysSystem: ICRS
#     CoosysEpoch: J2016.0
# -
#   name: bp_rp
#   datatype: float32
#   unit: mag
#   description: BP - RP colour
#   meta:
#     ucd: phot.color;em.opt.B;em.opt.R
# meta:
#   name: result
#   QUERY_STATUS: OK
#   QUERY: 'SELECT phot_g_mean_mag, ra, dec, bp_rp FROM gaiadr3.gaia_source WHERE phot_g_mean_mag < 8.0'
#   JOBID: 1719964238171O
#   RELEASE: Gaia DR3
phot_g_mean_mag ra dec bp_rp
[from data line 31372]
7.355726 250.76189351048185 3.454377505804065 0.40089703
7.355748 277.2580964079872 11.650406928760264 0.77240086
7.3557796 256.811647661934 -35.02842099157653 2.5315828
7.3557806 129.78969668991914 -40.4192247296488 0.684227
7.3558106 291.07502121669376 31.047299628330812 -0.097681046
7.355812 179.46990886510378 -18.982336191325988 1.2006297
7.355824 295.818150734182 9.49712861307112 1.6354446
7.355842 234.27863967395712 -26.49240421538052 0.14011526
7.3559036 341.67677151919287 26.018693892856525 1.8351631
7.355909 272.2186483463752 2.2430252714733623 0.33969975
7.35595 178.86834863286262 -53.239841730427884 1.2615099
7.3559847 158.46252768005147 49.186741675574766 0.7435155
7.356012 239.989188701365 -74.60502128033659 1.6749687
7.3560286 160.0867287015166 -61.18808765173825 2.1396613
7.3561 156.2928572972279 -57.063799211423934 1.6749444
7.356125 74.59385424518354 58.61521435988073 1.2559738
7.356182 11.668990817605309 -4.428199035633975 1.0019431
7.356197 135.35202234044698 -30.706635565529304 2.087018
7.3562346 248.67174270923132 63.93492689284442 1.0874486
7.3563576 40.1395378748548 56.27140492128989 0.7194829
7.356431 91.52730182416937 28.93477329523678 0.5079303
7.356447 190.0333566817602 -39.46195610401393 1.8946404
7.356459 223.91422248011492 -78.88313409284224 0.059722424
7.3564606 303.14549573337496 66.46114642478554 1.303236
7.356495 313.8235523217275 9.721345419461352 0.57172155
7.356537 102.71876853977476 -0.07319118775540269 3.2131424
7.356538 349.7787385105183 -13.455716149118203 1.0554767
7.356558 139.23157532503802 -63.77510151010491 0.07468128
7.356571 275.0852619844737 -36.42952112010499 1.5739675
7.3566422 137.57177140235285 -0.2729780909049537 1.8616152
7.356664 144.94096353136823 -50.138015561646505 0.48742723
7.3566966 210.87860486350834 -52.05942005739178 -0.08177853
7.356723 353.77366653836634 16.479356845640485 1.4635825
7.356765 206.38044224063194 84.51326480418257 1.3973083
7.356865 134.09268219065348 83.88687787879302 0.69874334
7.35691 314.6678986326437 34.72352784406534 1.2073584
7.356912 271.1947482927959 -15.707059433487098 3.2205296
7.356989 326.9558576778136 29.72670253214212 1.2052426
7.3570046 129.26853516858836 -43.81214004789589 1.0664124
7.357013 169.09885531154944 -22.003439500933965 2.5667758
7.3570633 250.91171874033668 6.618519398587514 1.2930036
7.3572173 150.13168004733612 15.8640608081333 1.4108019
7.3573236 300.5118705128559 35.64108446880184 1.602797
7.357343 2.8152558506333993 7.948108330948446 1.3091469
7.3573446 109.36236590826692 46.32388801418923 1.3406086
7.357374 243.72210444089376 -22.38040673007279 0.14048672
7.357389 262.6998454179193 -37.437088701371366 0.11306667
7.357397 157.37067795331407 -44.45762102402146 2.772204
7.357405 30.094728221256496 10.629887459502418 1.0976896
7.3574405 169.04893142413442 -3.4718804905848515 -0.34420252
7.3574615 98.96559817952128 -56.22785169312926 1.1547761
7.357506 266.30669617621714 -2.7622121903134835 0.30288982
7.357534 232.48246320555808 -49.340002359328324 2.5162396
7.3575416 341.52600719885413 38.49962633363999 1.1526875
7.357583 61.55305039581939 59.29273289441085 1.6522403
7.3576055 4.622374189647766 -46.53204879415105 0.63473606
7.357639 219.47780333970945 3.5219985835792986 3.7699962
7.3576455 69.32571675654934 -72.47671720933694 1.4833593
7.357666 306.2836218552985 -11.704633336309703 0.41656017
7.3576694 73.05649700430911 -41.005092893123965 3.1633663
7.357763 253.93705476633713 81.23926473429077 2.1665297
7.357774 308.0028140364664 -65.81543746491938 0.646657
7.3578205 329.8890504996679 -37.26940626802611 1.9698644
7.3578362 351.7704483319104 86.00810106614401 1.0409303
7.3578506 250.65736356631143 68.104056493154 0.94883823
7.357874 170.97038097102154 -26.95791990931775 1.2344451
7.3578944 268.4373114524212 57.056021619825614 4.429244
7.3578954 305.4298953573821 -36.61026825941144 0.7054715
7.357954 320.41567843268456 -4.486737966571598 1.4505496
7.3579903 129.17805271864984 -47.998350922266276 -0.117613316
7.3579984 289.7947644901174 26.93195738111852 0.1897006
7.358002 338.25485255766176 -17.50166281510289 1.0096273
7.3580236 40.07343727393819 34.58431503204684 1.07653
7.3580565 50.971673107137036 48.80651858206826 1.7534657
7.358094 338.5779513564348 -54.29801636120306 0.3415985
7.3581157 77.83121036914177 24.41022420243601 2.9909005
7.3581376 322.5788473935939 48.39075739511837 -0.023548603
7.3581476 161.03841939118414 -55.78683457095483 1.1611366
7.3581734 108.63423217145406 -19.991108685901295 -0.25173903
7.3581896 309.50587760708754 10.18896538043756 2.0914574
7.358193 292.40819914459024 -12.646831144449301 0.6106019
7.3582063 233.53803590102666 56.35378351902569 2.1225724
7.358212 124.43355427725025 2.7935493791861785 1.2747879
7.358242 79.69229567473135 -22.21204879894699 2.4714732
7.35825 80.73690697013389 14.361020854780259 1.3135738
7.3582587 350.98101699963456 21.357556561271885 1.0933928
7.358265 270.3562957203027 22.77450351099676 1.2516718
7.3582935 344.428690848518 -27.96611556746657 1.1577053
7.3583074 256.5027916433771 -44.372682466193915 0.14847279
7.358348 92.07837235583376 23.516733002047264 2.5459695
7.3584404 119.9239762414491 -48.27934596190549 1.2060294
7.3584843 255.11920945189124 45.77911117299158 0.67537594
7.3585014 265.62316135284465 -2.4238820202241413 1.4458623
7.3585143 270.56988290117454 51.63867989967111 0.42575312
7.358533 102.43652882964578 -16.310127868728237 1.7404308
7.3585806 9.767145991078577 -41.899399203687736 1.5300403
7.3586116 205.58670086831455 -33.97919593808048 0.58095026
7.3586125 105.27349097274917 -40.794899869223094 -0.043406487
7.3586607 146.49946664758036 -58.997144490428624 1.4300642
7.3586698 126.69023222302937 -48.95621594528098 -0.06705141
7.3587 255.5675853686377 50.30834071532475 1.1958504
7.3587623 133.8640724795693 26.40972236824922 0.023088455
7.358798 323.9952092652422 31.61237539478375 2.0788445
7.3588157 19.497018937060755 -52.1057991750368 0.34589386
7.3588343 327.5279674369402 -78.22197920144882 1.577466
7.35886 84.53831431254288 -46.10809921744259 0.88624763
7.3589225 315.2703968435192 -38.73967835768683 1.3305912
7.358977 84.98368589793807 -41.51434837093755 1.2522511
7.3589854 92.9749005164299 71.1309001342156 0.64422417
7.3589854 249.1743376422335 -45.15917302557863 0.5058322
7.359015 358.52197921472947 4.8709773383318975 1.3559637
7.359045 332.34386026531064 35.12902585174423 0.7132039
7.3590503 306.5094496799353 -3.864738515282685 0.65893745
7.3590555 157.55958851718992 -69.85388120621863 2.8236485
7.3590593 288.66604439416176 -29.24340033002055 0.37573767
7.3590736 352.20741899874383 31.7961804864657 0.69004774
7.3590803 107.8409507081572 1.638369703243554 1.6716762
7.3591433 31.172402641859932 -35.27329767674733 1.336451
7.3591495 136.71356598301983 -60.261486074163585 -0.07741833
7.359154 40.60225774510784 62.35845053418097 0.26812744
7.3591638 332.16873313282673 0.3379692994063783 1.3630128
7.359167 72.08515706191913 26.966331350750384 1.6949129
7.359177 216.58254968261977 -40.797656083027356 2.3503237
7.359184 43.48751894604562 14.218845251647899 1.207346
7.3591986 238.67556472883982 4.728748724499763 2.9473996
7.3592157 61.469392762637646 -29.679153311005123 2.5391903
7.35923 79.72918660892178 -51.57938099614267 1.039814
7.359256 264.6269818600083 -44.87566300883205 1.7157178
7.359273 144.04736952039082 -58.02462559053055 1.2559614
7.3593535 264.515737281556 45.55767659284444 0.71183395
7.359379 181.14333423528674 -31.187641797948846 0.61658096
7.359389 176.18883696858404 -55.8193918029732 1.4132438
7.35953 301.2595118946681 52.28905576907231 2.6048846
7.3595533 36.856237759066204 59.10518069878003 0.5462594
7.359588 72.96149597395828 42.04687602457244 1.1617627
7.3596077 172.2447305180231 41.17814405372509 1.3012471
7.3596535 212.75125136623717 60.40750552399683 1.9845924
7.359656 297.61110201141156 30.76621592176491 0.009042263
7.3596797 303.60163738139374 -6.04738712633316 0.5042553
7.3596845 21.098444188937002 36.883403063783014 0.11241245
7.3598237 33.37227148140356 40.79012833353874 0.18761063
7.359844 82.41630659614363 -22.718774218420617 1.1372652
7.3598843 255.7613783655854 29.479346386736182 1.3681207
7.3599215 79.15045702252958 -7.203007272527447 0.39276123
7.3599453 152.79674937414987 6.168076140423435 1.2572083
7.3599696 90.37167170907384 23.703887921367457 0.07900143
7.36004 170.70074925738047 -36.24246639499891 0.40176344
7.3601007 324.6500940331582 51.12243043796116 2.3104486
7.360112 313.966915049803 32.094596230386564 1.3207769
7.3601346 86.1787481393334 -46.294550030377884 1.8310843
7.360184 128.12382221638393 -32.233446526963746 1.059792
7.360243 223.34728733938965 15.704987720009909 0.6876726
7.3602858 311.6858397376 24.462587235068053 0.255383
7.3603263 240.0948627861969 -45.453322179372684 0.8759284
7.3603415 149.7641717642479 -59.71104471396473 1.6115732
7.360378 52.121049222394 59.9066409204777 1.7641392
7.360454 150.26432427554246 -60.29321897061556 1.3277473
7.36047 193.53935434534068 -78.03703255797622 1.4619608
7.3605094 157.06062748131794 -36.220301707934624 0.5365882
7.360523 107.62589689219959 -10.164431207596365 1.3665552
7.360568 225.83695449618247 -41.271539410015194 -0.23706293
7.3606653 343.1125053389665 -31.833975204038637 2.3966756
7.3606696 69.36141310154883 0.5531702570456616 0.7271757
7.360718 109.66169563736506 -63.386641817359084 -0.06353378
7.3607254 308.2518697921367 -9.01549217611847 2.0575242
7.360756 164.53767133284538 24.375470204394325 1.1053128
7.3607693 250.2733179862168 -47.746130503310965 0.08971548
7.360798 220.50393307154445 -28.943017642189535 3.863162
7.3608007 243.6600345903799 -0.398787025637262 1.2887864
7.360804 297.5011552791935 27.166352457815258 1.6875734
7.3608565 144.0677029825301 -21.99724152718986 0.39060783
7.3608866 6.591675198522314 24.73486672357654 1.1003923
7.360892 162.79961948517982 -36.957316312588624 1.2586856
7.3609653 311.5323216574502 32.28107370886303 1.9487329
7.360973 199.63763594404057 -6.265799564508127 1.1133642
7.3609786 256.67329530087545 35.32335289707551 0.010499001
7.361014 38.57382948803852 35.14992926816093 0.13168335
7.361093 250.17611057568098 28.915097653193683 1.3079185
7.361145 180.08507834380129 -36.562711133799375 0.3764224
7.3611465 176.6880218120027 -70.51527080349993 1.9533081
7.3611975 57.44664542088811 9.877725915247195 1.5061836
7.361198 194.6081039074124 -51.50918797004336 1.0826879
7.361216 270.46783658775956 -19.106124495896264 0.5060849
7.3612614 316.90144469721247 51.58408031557073 -0.0012521744
7.3612614 64.06834701747788 7.159213909372406 0.8301816
7.3612947 212.87240796723094 -32.16850872239546 0.5295124
7.3613167 296.36851189386573 -7.019849343404829 0.70159626
7.3613434 208.2898333482432 -51.1651712445003 1.2007861
7.361385 160.76984509937898 -72.19485377482604 0.6738634
7.361403 117.52852653495235 22.73147276164931 1.5346656
7.36142 79.50410205317495 -0.03769472422462784 -0.185215
7.3614326 129.96113709711145 11.520447728822358 1.0551219
7.3614516 21.20397087404716 -6.986227369100391 0.3000741
7.361487 109.35714547514512 -39.02473725110447 -0.14018679
7.3615203 358.30769999744564 -11.01538183227704 1.2060394
7.3615565 253.1347327426741 -38.43611049852101 0.28515244
7.361589 183.52553916731205 -36.72901265192364 0.2500205
7.3616047 14.777331807641989 32.45576681517759 0.26085567
7.361635 253.18157407234665 -64.20199415105088 1.8517718
7.361688 324.16222130622737 -51.400702857634265 1.7833366
7.361722 182.99914693012414 -63.38088929895611 0.5082512
7.361731 294.5905074240766 0.3455589882404059 0.381742
7.3617697 192.83423649394538 8.21045664183795 1.2384439
7.361785 54.1018734955365 20.067392437949195 0.65197945
7.36181 322.2248450899481 -37.404485756615635 1.3078723
7.361832 5.38959348141805 -66.3046708510009 -0.015166283
7.3618665 279.82078753720225 -39.91093221381869 1.24963
7.361869 88.06585092018815 29.517951325467937 1.7587218
7.3618875 165.35767863101165 15.008270508011739 1.1575046
7.3619213 264.77154399459505 27.049901325622397 0.65289783
7.361931 236.2329654235571 21.44497978091484 0.62288475
7.3619637 183.05937974028757 -4.402031223605316 1.5980358
7.3619885 145.52783172132573 -32.620882264246205 2.3908176
7.3620043 339.95477368603457 -28.846565169303542 1.7014861
7.3620367 273.47756730988914 32.288633349261694 1.9230518
7.3620396 261.46253096330634 -8.672199913531744 1.5644631
7.362045 9.529584336129522 9.828906100787519 1.7818813
7.362088 15.737352752686046 33.32297233601211 2.1554894
7.362099 336.3196682706084 -51.39877550174048 1.0723624
7.3621182 279.23038644225755 -58.586141469466135 1.108892
7.362204 0.10363702352382476 12.267207033473344 1.2850142
7.362226 280.96519530742034 -16.941764523719744 0.38212156
7.362239 168.04245806727374 61.20448125379322 0.22917557
7.3622503 69.49913204501428 -13.028978883962324 0.07977104
7.362287 344.6764679067178 5.341997704357788 1.1399388
7.362303 87.05515698259308 1.7083188558831668 1.5297198
7.3624015 185.72854466136678 -14.662948886039404 0.60339546
7.3624406 63.50421246929677 11.02721705828768 0.54759884
7.3624825 329.89413231674257 56.887911156981794 0.35993338
7.3625083 103.20499702606693 -40.69308663877166 1.2514868
7.362535 169.42035324516948 25.460260774092824 0.17035723
7.362559 136.7687222975887 60.527890450638026 1.5453291
7.362575 92.36537460178184 -51.38924407131356 0.7980442
7.3625836 10.490783136088197 59.91473291060237 0.3951912
7.3626075 100.88789851749205 -53.02391521626297 2.7147932
7.3626075 244.5241851584979 34.482467786390075 0.7647958
7.3626285 320.03824658179803 -13.502296743143592 -0.107626915
7.36267 75.34662500841718 39.96038109269793 1.2958446
7.362711 326.9369844045664 -18.212986615889054 0.33051777
7.3627167 264.18309034458457 11.844872099804098 3.2938123
7.3627405 175.153119842427 -62.56864688880797 0.061934948
7.3627434 20.778536815301784 9.187442618435284 0.411829
7.3627505 75.83152976048626 60.421870416049174 0.36637974
7.362758 259.22473088339547 39.46912082310507 0.6535497
7.3627744 52.243897563915496 14.996703911297116 0.0706172
7.3628078 266.64923413359395 -62.75354167535398 0.7852845
7.362835 322.13184216601246 50.445289555534806 -0.0060300827
7.362839 180.13351165867653 4.099764489225642 2.0879889
7.36288 333.0409762925679 -32.53615859596383 1.9959307
7.3628907 283.5522922326656 56.22027944638259 2.3084455
7.3629527 22.36102892008003 49.1605883202838 2.5783062
7.362954 346.3578034856749 10.447580726009537 0.3249154
7.362981 95.05732802132553 -30.0185855638619 1.2768664
7.362992 99.1201249811878 15.749866384211744 0.23325682
7.3629966 15.665324006059029 52.8508861848347 0.11436558
7.363007 194.56981061663336 -20.384199078634545 1.2397084
7.3630233 19.101421358445368 -12.097023091894101 0.9328532
7.3630633 281.6281789447149 -33.9084443446467 1.2353926
7.3631034 104.40416905593604 31.21456442314083 2.05226
7.3631234 87.11755240488098 4.703923727489251 9.036064E-4
7.3631287 267.9022717806016 -6.863288974456121 1.7913265
7.36313 96.55486708489246 -7.361444014564435 -0.16221285
7.36315 336.26127915732076 26.610952433219172 0.3009205
7.3631835 234.63826608813574 48.46284577363805 2.087419
7.363224 189.13108662738725 -26.760750422660802 2.8911757
7.363258 40.41332762031707 39.53790579489402 2.5951614
7.363261 325.3772475350197 -21.928727392962557 1.2336001
7.363287 75.4007423517914 -44.830564411028845 0.99478626
7.363313 52.28200413999659 48.30278663044405 0.021345139
7.3633614 274.4618573843439 -56.47785997528296 0.37864876
7.363391 82.26360626325591 -0.6738776614910031 2.5111365
7.3633924 194.54160914583343 -54.185793263150494 0.077343464
7.363406 125.21975296583648 -4.866052057570652 0.1992464
7.3634286 3.05875961414449 39.901564253706006 0.4216609
7.363431 58.30526749633197 7.770080057084406 0.6287713
7.3635054 337.4692021432189 45.7447415657363 1.4959941
7.3636465 266.8962221253459 -45.49542125189473 0.25783396
7.363676 120.22627349733756 -15.739076511389047 0.39777088
7.363717 21.525929001909223 -2.2010187672895634 1.0797992
