gaia-dr3-mag7.ecsv
# %ECSV 1.0
# ---
# datatype:
# -
#   name: phot_g_mean_mag
#   datatype: float32
#   unit: mag
#   description: G-band mean magnitude
#   meta:
#     ucd: phot.mag;em.opt
# -
#   name: distance_gspphot
#   datatype: float32
#   unit: pc
#   description: Distance from GSP-Phot Aeneas best library using BP/RP spectra
#   meta:
#     ucd: pos.distance;pos.eq
# -
#   name: ra
#   datatype: float64
#   unit: deg
#   description: Right ascension
#   meta:
#     ucd: pos.eq.ra;meta.main
#     utype: Char.SpatialAxis.Coverage.Location.Coord.Position2D.Value2.C1
#     CoosysSystem: ICRS
#     CoosysEpoch: J2016.0
# -
#   name: dec
#   datatype: float64
#   unit: deg
#   description: Declination
#   meta:
#     ucd: pos.eq.dec;meta.main
#     utype: Char.SpatialAxis.Coverage.Location.Coord.Position2D.Value2.C2
#     CoosysSystem: ICRS
#     CoosysEpoch: J2016.0
# -
#   name: bp_rp
#   datatype: float32
#   unit: mag
#   description: BP - RP colour
#   meta:
#     ucd: phot.color;em.opt.B;em.opt.R
# -
#   name: pseudocolour
#   datatype: float32
#   unit: um**-1
#   description: Astrometrically estimated pseudocolour of the source
#   meta:
#     ucd: em.wavenumber
# meta:
#   name: result
#   QUERY_STATUS: OK
#   QUERY: 'SELECT TOP 500000        phot_g_mean_mag, distance_gspphot, ra, dec, bp_rp, pseudocolour FROM gaiadr3.gaia_source_lite WHERE phot_g_mean_mag < 7'
#   JOBID: 1719963372482O
#   RELEASE: Gaia DR3
phot_g_mean_mag distance_gspphot ra dec bp_rp pseudocolour
[from data line 5241]
5.7639294 "" 250.16119838979262 4.219743301756353 -0.006635666 ""
5.764079 78.0921 233.9873704019351 54.630503398450905 0.058218002 ""
5.764152 "" 17.8221069491397 -13.503269544494872 2.8660612 ""
5.764575 145.1145 227.53038007169374 -38.792601188183546 1.040226 ""
5.7647185 75.1951 141.36238093903856 -61.95023274061885 0.19509554 ""
5.764905 284.0965 115.19658888534282 13.771221577769092 1.5358968 ""
5.7650576 34.1406 304.0026276319744 45.57928128895278 0.5798731 ""
5.7654085 276.0928 280.96462055609265 10.901142845266667 2.1502166 ""
5.766062 25.2535 10.11468419994352 -59.45262733734352 0.7356639 1.5908375
5.7661257 "" 74.75506947474696 -16.375396327059317 0.6298113 ""
5.7661414 11.6017 223.34694623244295 19.153760857444336 1.0409293 ""
5.7662086 110.002 255.99194599045865 13.566843575312138 1.2219405 ""
5.7669787 293.7701 147.7583523428106 13.06620716721426 1.907033 ""
5.7672553 "" 117.42077381604983 -66.19597529808121 -0.039845467 ""
5.767693 155.4692 128.96668651968724 -50.969598127492105 -0.15382671 ""
5.767746 101.5778 286.66025504289036 24.250849627163333 0.13964558 ""
5.7678313 "" 265.3177458738933 -46.921880881490516 0.023624897 ""
5.767832 "" 303.20758135462177 49.45096821211834 4.2825956 ""
5.768028 "" 273.77129052952154 -29.8230820086469 2.3900886 ""
5.768646 "" 255.13483295826148 -45.451763920686844 2.174293 ""
5.7686815 "" 341.55920561063914 -11.166443964126444 2.2889318 ""
5.768804 98.9792 237.52930989295356 -53.20994525083356 -0.088670254 ""
5.768853 "" 152.82958904974993 -18.957520364103186 2.3833923 ""
5.7688904 "" 205.6810279955157 34.98907124255656 1.0304995 ""
5.768905 "" 173.401542709273 2.4989563656609604 1.9510303 ""
5.7690916 "" 162.5752093347099 -8.89783522211752 0.2289114 ""
5.769212 53.9883 235.4776968650201 18.46427791956542 0.2682991 ""
5.769297 "" 102.50907753204157 12.058108311372084 2.4922018 ""
5.7694044 "" 171.9945227042001 -35.32885576589608 1.8732886 ""
5.7695527 17.467 304.3858330649528 66.85501172532437 0.77145576 ""
5.7696824 "" 103.27093337547787 59.44833227057253 0.88372946 ""
5.769759 177.0836 76.09002354106302 21.277815596798852 1.4862657 ""
5.769932 "" 106.44680866036711 31.39327786825199 2.2235851 1.2528689
5.7701674 422.0448 16.78953544200103 53.49817009028148 1.6870646 ""
5.770218 "" 271.530815827487 -8.32402158519454 0.38549137 ""
5.7703414 164.0301 354.6011600257353 -76.86965491913705 1.057137 ""
5.7711134 "" 182.93718652135001 57.05433099760231 1.7166939 1.3636098
5.7712097 "" 331.9593796949928 21.702623760678637 -0.06462383 ""
5.771353 38.7156 118.8809364775741 8.862441705606342 0.49856997 ""
5.77173 "" 272.4896168418467 -59.04019351345336 1.7768054 ""
5.7719135 673.2228 229.15284736296488 -60.90401332040738 -0.11231947 ""
5.772311 "" 155.96077175174554 -57.9539817397051 1.7069359 ""
5.7723784 "" 276.95618574852966 -29.81678977185125 0.6698203 ""
5.7724166 161.9263 60.442260050347976 9.998019487956286 0.0432539 1.8090416
5.772599 "" 130.9763859176518 -68.21147032579252 1.6934762 ""
5.7727537 231.4638 106.77942865994382 -40.89321989427857 -0.24470901 ""
5.77283 86.4042 62.901064036546856 -20.35592816961724 0.2022562 ""
5.7729917 "" 244.18673336655053 29.150187085266474 0.10333252 ""
5.7730365 93.1531 96.05739217430326 -60.28118544009219 -0.003583908 ""
5.773683 60.3866 292.2540993913607 1.9503049267240877 0.12456274 ""
5.773685 "" 60.89106656069647 -25.84791905650465 2.099275 ""
5.7739487 "" 283.7187904962969 33.9685667911987 1.1362996 ""
5.773994 114.5143 133.56159614489104 30.579017324597384 1.0303912 1.4801317
5.774013 "" 281.20668389608085 -25.011008268221772 0.115647316 ""
5.774379 "" 29.132032648127876 70.20378671458117 2.7264867 ""
5.774464 1090.6099 332.24579261125325 -18.519629770432715 -0.23638535 ""
5.774477 287.8436 269.0766449413362 0.6703520591212176 0.15889406 ""
5.774587 "" 167.31973547875617 51.37897123000413 2.6116147 ""
5.7749476 "" 79.66805870241498 40.46506119882559 1.4925108 ""
5.775079 "" 151.88882486750245 0.9182886275170065 2.3643851 ""
5.7750835 127.7792 181.41494878126738 62.93279649333311 1.370276 ""
5.7753572 407.7849 152.28204857935233 63.952428151630976 2.0448656 ""
5.7753763 125.038 40.52764934192722 -38.38362928518489 1.0642114 1.5132283
5.7754393 "" 248.75245151164074 60.468154932261776 3.2072306 ""
5.7756286 111.8267 167.4725710489084 -32.36766050826112 0.044998646 ""
5.7756515 231.639 1.2757673770864828 61.31397922120094 -0.07584524 ""
5.775824 203.6197 17.792732390589105 37.72410007070965 -0.11498165 ""
5.7762256 "" 157.52677108368857 38.92511214468892 0.1532073 ""
5.7763724 186.5691 110.71688681783581 55.281255279967354 -0.10697842 ""
5.7766275 "" 230.75744013776512 -15.133950633561165 1.9117155 ""
5.7767076 28.6291 113.02359835146886 -8.882072210623937 0.7366185 ""
5.777095 271.22 203.67766116901512 76.54670968438737 1.9343543 ""
5.777673 35.0146 347.48702139614454 -42.8613252533053 0.6460943 ""
5.7776785 56.2882 53.39606508627031 39.89927005823699 0.16567945 ""
5.7777057 3734.7012 200.56783196354394 -52.18295574530917 0.20277357 ""
5.7779365 178.7167 154.03738108334397 -11.203420380541443 1.2392063 ""
5.778308 40.4259 294.67186671468414 54.97451309985176 0.60840464 ""
5.778487 178.0135 84.01180248149835 -47.31378212564195 1.33216 ""
5.7792697 "" 94.09913712242233 17.1815627579829 1.7824559 ""
5.779441 121.0052 212.8128835649306 32.29606042953279 1.3631749 ""
5.7797327 104.2036 119.31616661214483 8.64111105138318 1.1322279 ""
5.779811 277.0702 255.96929361927766 19.69054946840863 1.8205829 ""
5.779827 "" 193.87622617306315 11.496187272206662 2.5974588 ""
5.780776 "" 63.43689522448073 72.12599965420081 1.1564355 ""
5.7808194 332.6899 109.1326346300718 -38.31889273864609 -0.19015932 ""
5.780949 "" 38.74890633411009 -42.11299617582275 2.8333144 ""
5.780996 "" 206.18997450859425 -25.501035135070865 1.5119915 ""
5.781147 901.9922 5.181499159084898 61.87959361121511 2.410884 ""
5.7812285 "" 296.2262508233028 -10.57315916475754 2.2343493 ""
5.7812476 "" 48.73619573207563 42.503654991888325 1.205471 ""
5.781428 105.1481 222.49341975375626 28.61582861720019 0.1027503 ""
5.7817597 "" 148.12661860462586 -8.105218152708222 0.053737164 ""
5.7819295 "" 213.42087727256353 -0.8460836956875412 0.6376295 ""
5.782017 53.6131 109.94879428626231 7.142685690692131 0.6934862 ""
5.782125 100.0465 74.5392566864645 25.050196196179627 0.014220715 ""
5.7821903 212.045 114.93244125085924 -38.13922238484456 -0.15868425 ""
5.782251 "" 271.3627478293778 -81.4867806445279 1.7395144 ""
5.7822623 "" 343.5239039875574 -19.175167884725607 1.757545 ""
5.7824664 "" 89.39645261787712 66.0960455829893 1.5235763 ""
5.782506 80.0204 57.40232630366651 63.296685686501036 0.2755313 ""
5.7825766 407.6601 117.30356357574156 -46.85767810151854 -0.19388914 ""
5.782854 "" 154.92502942554472 -65.13722317647121 1.7070222 ""
5.782963 "" 247.84503142402323 -26.537796132275957 1.225996 ""
5.7830963 "" 287.4507167758122 -19.804027994589713 1.306273 ""
5.7831683 72.248 189.0039766671093 -39.86961181905675 -0.0033512115 ""
5.783369 "" 185.93607040594708 -38.91144812401334 -0.089641094 ""
5.7833915 "" 135.3806462850501 5.640967767649467 1.2250948 ""
5.7834744 "" 299.94590447522097 -9.96003245143768 0.7717371 ""
5.783748 90.7404 91.52313534713136 -29.75880719083524 0.053192616 ""
5.784071 185.4796 103.76140720556718 -20.40492269108038 0.08503437 ""
5.784687 "" 306.50677306211117 13.911489168056757 1.7174573 ""
5.7851105 132.1233 123.2488192239753 16.514249165296953 1.1087933 ""
5.7853374 37.1952 77.83026000515487 -2.4907752218705337 0.60353756 ""
5.785479 "" 241.2544547835014 -39.21691784393152 3.6446495 ""
5.7856574 110.2225 39.17915873625732 31.607668885265618 1.2193437 ""
5.785825 "" 52.1107018138691 22.80351955319661 1.1548786 1.4872228
5.7862754 "" 198.88246727958264 40.85529701776888 0.26673126 ""
5.786309 "" 127.8787113324891 -19.57749933681595 -0.078659534 ""
5.7863703 "" 77.89927350087963 -37.395247790595484 2.0859003 ""
5.786612 "" 328.05442174259304 79.55183700998822 2.0046954 ""
5.786731 91.9355 220.1830376921648 16.41783097142539 0.31438684 ""
5.786868 461.1728 82.81055999407573 3.292129281128904 -0.23602247 1.8526354
5.7869215 77.587 202.81511725769 42.10627608626053 1.2073097 ""
5.7871304 28.608 347.61220703892667 43.54339487364322 0.6243911 ""
5.7871914 261.9877 52.71564309582668 -66.48970270503564 -0.016675472 ""
5.787203 "" 160.93072345276713 57.19895997255012 -0.04213524 ""
5.7875476 "" 209.13696444149542 -54.705672295884355 0.9854069 ""
5.787583 "" 167.65315139530833 11.30160223677924 2.9696064 1.2210095
5.787674 "" 28.347283477132216 -38.59450061795153 1.2560863 ""
5.7876787 94.4189 324.8671914458387 -10.577110629572292 1.1970873 ""
5.787742 "" 207.60287311484277 5.497220558195073 1.0583425 ""
5.787847 32.1228 125.10906296031578 57.743344264398154 0.5490384 ""
5.7880163 106.241 51.12393207052288 33.535826777238185 -0.031061172 ""
5.7882414 300.9317 350.6190878653583 25.91843640126834 1.7461743 ""
5.7885127 "" 221.32829098073208 -51.31500234549913 1.868496 ""
5.7887163 154.862 84.68128109200116 -40.7072423766139 -0.095023155 ""
5.78872 "" 179.5580682404129 3.4819912241788686 2.262807 ""
5.7887363 "" 285.8844413688737 1.8184424303157205 0.25230265 ""
5.7891617 "" 125.70804727384896 -26.348201377307593 0.5965204 1.6359823
5.7892737 50.507 316.5963997311983 71.43128404507395 0.52378035 ""
5.7895827 "" 105.87771196960249 29.33340231275945 0.77283525 ""
5.7897778 "" 291.6732167331968 -46.57893643929101 2.162815 ""
5.7897887 "" 33.92780106597518 25.042664688040787 0.667089 ""
5.7898774 124.2573 75.3938123946028 -39.71790014147504 1.0542717 ""
5.7899246 "" 37.63511600194724 25.234692908060946 0.564621 ""
5.7901545 265.9059 91.86146611554194 41.85419754224885 1.3570437 1.4366851
5.790175 119.0575 46.337398162857305 40.582158965081206 1.1583195 ""
5.7903485 "" 39.23909759015331 38.732836685748076 0.6578393 ""
5.7904706 "" 158.75875032481832 8.650412229074576 0.056450367 ""
5.790897 "" 101.07224633884826 40.622247439941816 2.5037322 ""
5.7911344 210.6206 76.06074721104441 30.49450671603564 1.3816652 ""
5.79117 "" 50.10659402577866 25.66238714280984 1.3349891 ""
5.791219 "" 349.763810653625 -28.387803938231944 1.9548802 ""
5.792121 "" 281.0213861457782 38.533139410599794 2.0530124 ""
5.792221 77.349 272.7733612746199 -41.359280622680686 0.40995264 ""
5.7923923 225.8733 122.79484068280007 -48.461969349035094 -0.21517992 ""
5.7924156 "" 242.28769644846207 -56.05796533770043 2.0287676 ""
5.792547 99.9669 72.32959776912293 32.588038265780554 0.33516216 ""
5.792563 53.8312 58.43108707768176 57.9747404420207 0.21863699 ""
5.792724 "" 32.88984397000485 -17.742968477064476 1.9820728 ""
5.792909 350.9083 148.57346011851553 -45.28348755463208 -0.17323923 ""
5.792946 117.678 285.23003602952934 33.80216654305762 1.1235709 ""
5.7931385 214.3539 290.76859762187087 -7.400715399295043 1.636363 ""
5.793193 254.4039 164.8243496766364 51.882350906416576 1.4730563 ""
5.793408 200.1253 64.90582808586036 10.121256817228822 1.6274018 ""
5.7936277 "" 148.89735638480613 -17.469530302194293 2.517335 ""
5.7936783 30.6465 137.19652190962705 26.627466883357403 0.8440466 ""
5.7938647 99.8337 245.01769709102896 21.132384693271927 1.1052499 ""
5.7942834 "" 290.1090781833987 -31.81756215952344 2.0495048 ""
5.794431 130.4442 271.37562492448967 21.64662084978922 1.4136319 ""
5.794438 129.5743 47.61365434896931 -48.73426763426907 1.2687383 ""
5.794804 239.8408 213.83865603816943 -53.50996577760278 1.781558 ""
5.7948265 114.7152 318.77759335527435 -17.345264638760856 1.1322484 ""
5.7950826 116.554 269.6763880417677 36.28757258062538 1.0878482 ""
5.7953024 "" 243.06673940934164 -28.417495252499183 -0.05548525 ""
5.795647 "" 84.21838256766223 40.18236915060234 1.2147064 1.4737065
5.7957945 23.9246 101.34444954450602 -31.79505826654203 0.6608362 ""
5.7964544 110.0076 256.20755863835114 48.80364031964644 1.2665339 ""
5.7968726 "" 339.89312274519716 37.59282416047595 1.0578732 ""
5.7970786 "" 57.57913200746642 25.578903028463774 0.26144552 ""
5.7971125 "" 282.62985451286437 -13.572290230912255 1.8607106 ""
5.7975774 115.2663 93.43891235413507 51.172186773185146 1.1778326 ""
5.7978373 "" 128.50657030310728 -2.151475409999676 0.0051441193 ""
5.7978806 105.8992 133.12831209869321 -13.232944938151208 1.2859497 ""
5.7980156 246.4078 60.79413499854585 8.882660951929877 2.0276155 ""
5.798193 209.2992 77.0841500659447 -8.66542025606322 -0.11002302 ""
5.798303 "" 48.11057467692003 47.72550070564786 1.660234 ""
5.7985325 "" 263.28080262669215 -41.17308009863116 0.16109037 ""
5.798867 173.2157 205.16247635648895 28.06520126188539 1.4617805 ""
5.7990384 "" 31.05219302488555 -11.859777449291723 1.8302121 ""
5.799048 87.2228 91.36331778165936 -35.51357507901478 0.024734974 ""
5.799094 162.3145 105.47054308460758 -1.346059352128372 1.4314919 ""
5.79928 114.6467 4.571711848549488 11.206091514979105 1.1690898 ""
5.7994523 31.8301 154.13356750148594 23.5032553455267 0.8331976 ""
5.7995048 "" 303.26836393993347 -0.3307984732409618 1.9081421 ""
5.7996316 "" 320.67544044955156 30.309918729042973 1.1889429 ""
5.800083 "" 113.4593699050653 -43.113730118867984 2.1861043 ""
5.8000913 139.7932 225.5272295450318 -28.06076123503607 0.25327682 ""
5.8001986 108.9826 263.6529036606217 9.586656549360326 0.06097889 ""
5.800243 102.6898 279.80972229447366 -47.90970243919841 0.33072567 ""
5.8008204 65.4707 199.30800327337786 -43.979504595272424 0.23090982 ""
5.8008265 59.9143 85.75710030324981 56.581651308829144 1.1125731 ""
5.8010473 86.3271 206.40336007420387 -26.116055561439723 0.024734974 ""
5.8012915 "" 245.0757843008439 36.97548171231919 2.1231594 ""
5.8014174 42.2537 273.14056996489813 -73.67356628139693 0.6124115 ""
5.8018866 120.6613 276.4950620864593 29.828821945480804 0.10631561 ""
5.802026 89.8561 98.1131302466124 32.45482081551126 0.19244432 ""
5.802104 "" 359.26516756952446 42.65822294904903 0.9519172 ""
5.8021946 "" 267.68164252690616 11.946404865587866 1.4221978 ""
5.802357 "" 98.09698953303972 11.673356004131819 1.1800146 ""
5.8025413 185.9511 1.2338857504010647 26.648702463981575 1.5277414 ""
5.802574 55.7182 91.3627299378952 -10.242476575555017 0.47648096 ""
5.8028193 233.77 307.5029393181873 72.53159516080383 1.4804273 ""
5.8028817 "" 339.27014763224184 12.576674065922775 1.6013288 ""
5.802926 124.3322 261.6843393355967 48.26004196764672 0.20967102 ""
5.8030252 17.4619 191.2454554246112 39.27953401498874 0.7564149 ""
5.8031197 233.4629 128.02055939313138 -53.21183391129839 0.8550496 ""
5.803286 252.8818 300.31400884720375 37.099226544981185 1.4791918 ""
5.803462 "" 235.89011331739897 -37.16949644080384 4.3967285 ""
5.803671 51.0198 183.35765919802762 10.262302600696449 0.3421855 ""
5.804048 45.7358 60.203801951332316 18.193877567460135 0.44740105 ""
5.8041496 225.9089 319.54619114573694 -4.519423114021108 -0.17742395 ""
5.8045945 "" 332.0678584459515 49.796964259879545 1.776226 ""
5.804604 325.8612 329.3508754563639 66.13909484433707 2.04921 ""
5.804621 "" 344.7928932710246 52.6546723851378 1.6169834 ""
5.8046746 "" 255.46340141213628 -18.885606101941605 1.5777411 ""
5.8047566 "" 237.00747149977187 31.735419262945427 1.7687087 ""
5.804848 116.2307 63.130872980783856 17.27737247116718 1.2117944 ""
5.805288 452.0311 119.71058643583468 -60.82441134675175 -0.10078049 ""
5.8053985 17.105 271.5994139188408 -36.01974711463257 0.78098965 ""
5.8054204 110.5376 79.55513908006292 73.26797189084391 -0.042626858 ""
5.805881 15.2071 87.1458581131804 -4.095664047742017 0.8163104 ""
5.8060346 121.7768 187.51801176022707 58.767710278188126 1.1467133 ""
5.806118 55.759 238.88444226282857 -60.177961911881354 0.43735075 ""
5.8062725 "" 264.5499134510492 -28.04683596294658 2.4329653 1.255222
5.806673 "" 52.654108886318454 48.10348438764191 -0.028754711 ""
5.8067255 148.8038 245.9462049581368 61.696620251494664 1.0459747 ""
5.80674 "" 89.94977002915256 54.54681785017264 1.3042912 ""
5.8068514 "" 174.09306225087505 -61.052425049946066 -0.11507797 ""
