gaia-dr3-mag7.ecsv
# %ECSV 1.0
# ---
# datatype:
# -
#   name: phot_g_mean_mag
#   datatype: float32
#   unit: mag
#   description: G-band mean magnitude
#   meta:
#     ucd: phot.mag;em.opt
# -
#   name: distance_gspphot
#   datatype: float32
#   unit: pc
#   description: Distance from GSP-Phot Aeneas best library using BP/RP spectra
#   meta:
#     ucd: pos.distance;pos.eq
# -
#   name: ra
#   datatype: float64
#   unit: deg
#   description: Right ascension
#   meta:
#     ucd: pos.eq.ra;meta.main
#     utype: Char.SpatialAxis.Coverage.Location.Coord.Position2D.Value2.C1
#     CoosysSystem: ICRS
#     CoosysEpoch: J2016.0
# -
#   name: dec
#   datatype: float64
#   unit: deg
#   description: Declination
#   meta:
#     ucd: pos.eq.dec;meta.main
#     utype: Char.SpatialAxis.Coverage.Location.Coord.Position2D.Value2.C2
#     CoosysSystem: ICRS
#     CoosysEpoch: J2016.0
# -
#   name: bp_rp
#   datatype: float32
#   unit: mag
#   description: BP - RP colour
#   meta:
#     ucd: phot.color;em.opt.B;em.opt.R
# -
#   name: pseudocolour
#   datatype: float32
#   unit: um**-1
#   description: Astrometrically estimated pseudocolour of the source
#   meta:
#     ucd: em.wavenumber
# meta:
#   name: result
#   QUERY_STATUS: OK
#   QUERY: 'SELECT TOP 500000        phot_g_mean_mag, distance_gspphot, ra, dec, bp_rp, pseudocolour FROM gaiadr3.gaia_source_lite WHERE phot_g_mean_mag < 7'
#   JOBID: 1719963372482O
#   RELEASE: Gaia DR3
phot_g_mean_mag distance_gspphot ra dec bp_rp pseudocolour
[from data line 3076]
5.2970905 "" 15.678873880525687 -65.45608453041348 2.3805785 ""
5.2971354 92.3724 330.8187792557472 -6.522371234759138 1.1010303 ""
5.2972746 186.0201 50.80513782717752 49.213159855361674 -0.08222771 ""
5.297482 "" 316.88695750347756 -0.1638897852759417 2.8712583 ""
5.297975 51.9062 297.00572024267717 -56.36322170259789 0.25111818 ""
5.298023 "" 84.2684952853403 11.034934564191692 1.8757153 ""
5.298093 "" 321.5962571581423 -37.82947973065136 1.3260274 ""
5.298883 "" 172.42420590717583 15.413045647416155 1.5101995 ""
5.2996554 159.7522 293.6719378109121 42.41237254162279 0.11941862 ""
5.299865 "" 223.93638920469257 -33.855784841749426 0.07304859 ""
5.3002076 "" 34.81960038549156 47.37995069344116 0.009967804 ""
5.3004165 18.1976 101.55652486903517 79.56212608725718 0.6893873 ""
5.30059 "" 0.965272428040847 66.71215322291071 2.440887 ""
5.300716 "" 106.54800637233228 34.47375109219404 1.0996108 ""
5.30117 "" 121.82511949818539 -20.554339107161802 0.21208239 ""
5.3014293 8.7852 259.7726543146931 -46.63575837613547 0.97412014 ""
5.3017006 113.7474 91.64629334256884 38.48240640496302 0.3297968 ""
5.3018055 140.8223 108.06575510818733 -40.49885747053199 0.09378815 ""
5.3023033 "" 185.8973515907632 -35.41270731461798 -0.07379246 ""
5.302575 165.7619 93.85469740782442 16.143124217738475 -0.14605904 ""
5.302592 344.8192 102.60623433673533 13.41315017987486 1.4260759 ""
5.30375 420.6505 83.17230440543284 -1.591839295405641 -0.2814932 ""
5.3037653 134.8412 102.42194704248115 32.60654189562103 1.4597049 1.4190611
5.3038716 "" 13.981462206195905 -27.775861647035413 2.1094804 ""
5.304072 "" 135.49139889672307 -0.4823672574071781 1.3128233 ""
5.304179 105.8479 115.30130628928843 48.13095057524972 1.1816487 ""
5.3043385 "" 314.5817371402121 44.4720236982468 1.1186328 1.5535873
5.3045487 "" 296.2039264447437 40.716695136729605 2.430438 ""
5.3045835 134.7783 297.9609817146631 -39.87442454269189 -0.04435253 ""
5.3047037 "" 134.56659378827447 10.845055418726737 3.9368029 ""
5.3049045 "" 103.61117205482938 -42.3654818618475 2.3635597 ""
5.305115 456.1573 147.80054862067675 -59.42596843187146 1.5690098 ""
5.3054643 "" 70.7266050159168 43.36490848017637 0.033438683 1.6894451
5.3059335 36.2713 79.8423924881069 -50.60495484354134 0.676816 ""
5.3065114 "" 282.89538015470237 52.97616951349781 1.0035467 ""
5.30662 "" 83.51682784848883 -1.4703826160384472 1.7814264 ""
5.3068933 41.6583 257.4500385271138 -10.523781378035558 0.62535095 ""
5.3069158 "" 277.43737350452494 77.54706867369683 1.3224778 ""
5.307211 835.1562 298.00664191932043 24.992142161765695 1.0666018 ""
5.307563 62.3669 317.1401944809511 -21.19393790589923 0.0015158653 ""
5.3076434 421.1172 87.84159865765803 -7.518005977890474 -0.287601 ""
5.30772 "" 220.43061119671424 11.660160639926639 1.122201 ""
5.3078237 76.7323 333.57525413352994 -21.07432380242393 1.1018829 ""
5.307959 "" 319.92837723774903 55.45009496056092 3.5039258 ""
5.308028 "" 99.70487361444603 39.9025097898947 -0.053128242 ""
5.3080993 128.758 230.6598961992842 63.341044554036735 1.4511566 ""
5.3084807 95.4573 70.02799678352123 -24.482289303943155 1.1206183 ""
5.3089886 62.8486 176.97848726098178 8.245931535890413 0.028246403 ""
5.309195 83.6393 332.3064886700324 33.172028952894856 1.1578255 ""
5.3092203 "" 196.46768972676242 45.26866591783556 1.303297 1.4549903
5.3096147 417.2849 83.38102221746291 -1.1560773274582599 -0.24617529 ""
5.3111973 87.7851 124.8851230882303 75.7569779684941 1.0690556 ""
5.311746 17.7317 272.60824518288496 -62.001231350486286 0.7728386 ""
5.311919 113.6374 1.4250386163348494 13.396241805911085 1.0645795 ""
5.3123617 231.5744 69.30696557991749 0.9982991124154754 -0.15270138 2.2165637
5.312837 "" 62.51136636771531 80.69863561739581 0.80981064 ""
5.31315 "" 206.48458635557392 -12.426496132925912 1.0893865 ""
5.313425 "" 242.99886785322025 -19.460447272020698 0.09478521 ""
5.313545 "" 119.21224209038661 -59.12572297229074 2.5277205 ""
5.31388 "" 147.76554057323145 -23.01734599116701 2.994763 1.2162353
5.3139114 "" 235.44773938766843 12.847513036651758 0.059902668 ""
5.3141246 224.5132 229.6088156070951 -0.46122952977742 1.6996636 ""
5.314828 "" 138.23184386177107 -59.413860285911625 1.0079727 ""
5.315132 137.8712 51.889676635061335 -35.68129915012018 1.4203115 ""
5.3152566 "" 343.26587883769645 60.10104594995002 1.9366856 ""
5.315298 90.4785 351.33179307410404 -56.84907148360336 1.1992383 ""
5.315717 106.452 187.48834130203278 58.40614456546628 0.2831974 ""
5.3158255 1516.4233 193.9880084370721 -56.83581050132701 0.07476473 1.736942
5.316168 221.8051 108.83771410594576 -30.686385575191018 -0.22189522 ""
5.3164186 "" 71.50755198684372 11.705550634967647 0.24576378 ""
5.316832 34.0731 189.42656310739847 -27.13931185229703 0.4709425 ""
5.3171635 57.5323 358.1545266273881 10.94735700586728 0.2762704 1.6714082
5.317244 "" 160.45072176120829 68.44339285118097 1.4662676 ""
5.3172903 267.5146 318.9272998256227 77.0123621575281 1.7743263 ""
5.3174524 "" 192.30600696961483 83.41299014310866 0.08769131 ""
5.317731 "" 332.4820122300564 -34.01483916756107 0.33690834 ""
5.317967 143.339 133.80187322302945 -18.2411617466057 1.4850426 ""
5.318377 13.1915 71.90182063625531 -16.933703052251126 0.81800747 ""
5.3185983 "" 17.664275586218427 68.77850360429089 0.0026869774 1.766299
5.3186245 "" 335.04971880318016 -7.82110404246565 -0.03227043 ""
5.3187237 91.3321 207.16136732152435 31.19037529229078 1.2087765 ""
5.318966 "" 57.19800682881657 -7.015084097241315 3.3086565 ""
5.319738 "" 64.90307371343063 21.773306813382668 -0.141603 ""
5.3206167 51.4361 178.76290578641772 8.444010670623008 1.1029868 ""
5.3207335 152.4416 284.1687402870965 -37.3433643704152 -0.18290472 ""
5.3207455 "" 67.78015225802815 15.104806070330083 2.3668756 ""
5.32114 "" 2.139642121089229 -17.578364695103318 2.060431 ""
5.321272 94.4808 134.15568954886737 64.60342756603522 1.0652628 ""
5.3215394 "" 83.56977894828836 3.7668275087787135 0.10374117 1.9469993
5.321581 "" 315.6467400740386 -9.995562673468475 2.7898602 ""
5.322019 "" 61.0947203418243 -12.792221744355938 1.2199965 ""
5.3237796 49.9763 69.77608805537724 7.870986341030237 0.3391986 ""
5.323981 102.5389 53.99038826862905 -11.193433280952425 1.0993423 ""
5.324928 2090.8264 258.6152251248684 -39.766655891085136 2.442552 ""
5.3256307 "" 25.449989342062583 -60.78951167262235 1.3923402 ""
5.326206 45.1515 71.10806668662119 11.146072203663218 0.36072874 ""
5.3263254 141.4886 171.2450581153078 11.430249120725732 1.555254 ""
5.3263936 93.7806 260.4318000640739 39.97440141709664 0.8921938 ""
5.327651 14.1361 243.90633606005997 -8.371641161548801 0.81707716 ""
5.3277974 142.4528 124.95377692204305 -71.51474640223334 -0.06415987 ""
5.3279777 "" 264.08921937344934 27.56632444220585 2.4957266 ""
5.3280306 "" 61.997611440273474 17.339854178818506 1.771874 ""
5.3281555 77.7588 94.27761790785473 9.942122358442399 0.15064812 ""
5.328205 "" 144.8658265114437 67.27205380223806 1.8207064 1.3268201
5.328639 "" 182.06108788187834 -48.69254150066678 0.025461197 1.7545785
5.3287187 89.9833 113.33163325735796 -19.412837751011754 1.2522545 ""
5.3287354 "" 291.0896475034806 -43.722081061507495 2.0887537 ""
5.3292737 192.0614 56.41861026100399 6.049936124857123 -0.13336039 1.7496767
5.3304176 "" 265.243938613915 -32.21448931076728 1.908535 ""
5.3304725 154.1765 79.7501911241683 33.748265656412556 -0.21504498 ""
5.330736 "" 115.24379284893105 23.018473787485007 1.7622619 ""
5.330893 33.9912 279.16267549104157 6.6711607374499735 0.5511317 ""
5.3313313 131.9502 354.784596115185 50.47172357565112 -0.046778202 ""
5.331938 "" 168.41401148779627 -53.231654186028514 1.45083 ""
5.332023 "" 110.24280046658323 -14.36049219311691 1.1315842 ""
5.3320346 "" 272.495860890157 36.466315887002104 1.0823021 ""
5.3321323 "" 260.5244572643949 -70.12325676778525 -0.010204315 ""
5.3325934 "" 212.6286732243717 -70.30548126632651 1.9509859 ""
5.332698 87.4768 273.91882407685836 -63.0554767858689 1.0931664 ""
5.3355536 199.2423 242.94828183403925 42.37467116472638 1.6484599 ""
5.3356085 31.6256 294.39290982705467 -14.302449709836804 0.66422033 ""
5.335833 "" 262.83881215782367 2.7245914851485087 1.0548911 ""
5.3359394 29.948 35.507075429878995 -10.77789995273945 0.51013327 ""
5.336003 "" 231.18736392248735 -39.71048108147156 -0.075116634 ""
5.3360972 169.5476 50.30689150696158 21.146978154179607 -0.07578373 ""
5.3362513 515.4229 97.1420315646441 30.49297626134697 0.82774687 ""
5.336319 "" 272.52428782329326 -30.728793672863752 1.2451892 ""
5.3371525 229.9064 83.86310517432324 24.039517801040088 -0.10445595 ""
5.337283 "" 268.7965938383531 72.00511461478612 0.4943142 ""
5.337401 96.0498 217.15545885405712 49.8446422809974 1.0819683 ""
5.337485 "" 126.11594397160442 -8.520090846961697 3.8140926 ""
5.3375664 "" 185.83985389943052 -24.84076050154255 1.2903838 ""
5.3377247 "" 100.32176226125397 11.00324037644291 2.150878 ""
5.3377786 "" 240.07872069908822 -16.535093095895803 0.681746 1.1359715
5.338117 "" 18.142176508667188 45.337619914002424 2.0688171 ""
5.338339 78.8046 277.5495983846296 -18.729201391534826 1.2132893 ""
5.33841 114.7784 87.74211673958176 27.967914114284028 1.1140504 ""
5.338473 "" 91.66137252913865 -4.193855345667293 -0.14496851 ""
5.3385305 "" 24.181379594616292 7.831568099674131 2.3973427 ""
5.3385334 "" 99.19415063620691 -13.321172948941204 1.7906404 ""
5.338767 "" 66.27205940247974 -61.23809268774505 1.756206 ""
5.3387766 "" 185.48919975329468 -56.37438704029712 1.7269287 ""
5.339126 318.726 276.41164522983047 8.031978043364099 1.192647 ""
5.339538 98.6972 114.63714195235866 35.04867321016843 1.0871186 ""
5.3396754 142.1945 238.47457625195403 -24.53327054803085 0.017100334 ""
5.3400545 "" 140.15287140645086 0.18162216805545775 2.7816162 ""
5.340338 256.5493 206.12433640270262 -16.179099735281028 1.0101624 ""
5.3405814 45.7671 67.65616639413629 13.72431676410995 0.36794996 ""
5.340777 351.084 216.77932196594622 -65.82171086853218 1.6394367 ""
5.3410673 169.9228 116.01737035552657 50.433676722658525 0.04456806 ""
5.3411274 174.3768 228.52539480305128 31.787720603998032 1.8352318 ""
5.3414454 "" 161.46612266434747 30.68213769833277 -0.05197382 ""
5.3416595 32.112 294.44762691006497 -4.647878988833028 0.56749535 ""
5.3416977 "" 177.7592991267894 -5.333339703262998 1.211391 1.4595402
5.3418574 "" 278.19237279098184 23.61683408962026 1.6596799 ""
5.342178 "" 150.92074639575785 -9.573827598868109 2.0381055 ""
5.3425817 "" 131.6272479230704 -45.91248510017353 0.4729967 ""
5.342668 95.7233 88.13844178743986 -37.63119072387099 1.2006459 1.4655548
5.3429675 88.9637 284.1874276759789 57.814541589262 1.2956672 ""
5.3432136 "" 168.13704515029696 -49.10084838626338 0.21665335 ""
5.3434258 "" 5.809620449498801 55.79253114637743 5.418539 1.0050547
5.3437376 "" 183.03863464056099 20.54198208549202 1.1276855 ""
5.343999 "" 335.1149687732754 5.78950810156878 -8.4352493E-4 ""
5.3440022 99.8858 144.29136693813953 -32.178746577349095 1.1770277 ""
5.344034 "" 35.55156422254143 -0.885062169570195 0.45237255 ""
5.344616 12.0322 49.45525439342999 -62.572432544470445 0.8345952 ""
5.3448977 92.7796 111.24234607414148 11.669454120395095 0.15920877 ""
5.3459225 271.6483 58.99250823051131 47.87132724860545 -0.07873154 ""
5.3460073 "" 205.50427705610963 -58.78712004305725 0.016337872 ""
5.3461046 42.8271 297.35553740088693 -72.50330979804147 0.3246684 ""
5.346692 95.6277 87.40217758973435 -14.483880999292182 1.0748196 ""
5.346976 "" 288.30693684425927 -25.90682977165718 1.5098195 1.40472
5.34723 54.1698 57.14817929435897 -37.62203953907231 0.018267155 ""
5.347587 35.3554 60.986582196837794 8.197384566256215 0.5210862 ""
5.3485217 "" 317.1171975690525 6.989370672170595 2.0843878 ""
5.348647 421.4794 315.29558182932914 46.155783800541805 -0.25865078 ""
5.3488154 184.7936 125.33840695785864 -20.079112408366335 0.9952016 ""
5.3489347 "" 260.0410951087915 25.537559708817543 0.09932661 ""
5.348976 428.7278 293.8507779529774 69.80556556572053 3.3186598 1.1236829
5.349001 "" 231.96409588878208 60.670204243234494 1.7241974 ""
5.349056 "" 296.8616365570033 47.907405919899276 2.0764084 ""
5.349524 137.662 236.5233874348637 -1.804327379913245 -0.019672394 ""
5.349698 47.8261 134.16381459706497 -85.66300119954647 0.4313202 ""
5.350681 203.3673 285.0570410387764 50.53347810269267 -0.2650919 ""
5.3507185 94.8961 179.98705548328408 3.6551737966928 0.008403778 ""
5.350806 "" 82.53963124411656 -47.07824172481024 0.769763 ""
5.35099 "" 162.79532784756424 56.582266676794234 1.2889037 1.4167862
5.3510375 "" 268.85497113725245 26.050014711938804 0.5405669 ""
5.3510394 "" 6.590723522129612 -18.693683909210634 2.2450147 1.2576416
5.3510957 395.4063 4.190341886472247 10.244823975521927 2.5505595 ""
5.3511386 "" 256.1403010003611 -68.27879352563593 2.5944753 ""
5.3512917 "" 188.39266798651278 -12.829976281719146 1.0479922 ""
5.351421 "" 6.198072457360528 61.83104573890762 0.069223404 ""
5.351705 "" 46.598690564643306 13.186974198471711 1.2148132 ""
5.3518066 "" 91.24316966632924 4.158649114570995 1.1718078 ""
5.352735 55.6126 332.7922253864202 50.823573536482165 0.21232367 ""
5.3531566 114.4654 173.77048412569013 54.785425437732755 1.1886287 ""
5.3534913 133.8609 331.29737015159884 26.673823945706733 1.4296179 ""
5.3535795 "" 264.53954167835764 -10.926308123755273 1.4018278 ""
5.3540945 234.4496 134.1421523877719 -16.708870983819025 1.7478595 1.3597248
5.3546395 95.4088 353.6591535713918 33.49742285308539 1.1896706 1.4904195
5.355033 392.5534 232.87844101963688 -73.3896730723237 -0.17642403 ""
5.3550773 12.7431 180.18562930618162 -10.448272003975848 0.9255285 ""
5.355988 109.2835 185.7056569986677 -57.67618321882756 -0.12538528 ""
5.356526 91.658 281.5923729853624 75.4342684117677 0.06858921 ""
5.356588 41.7975 238.94844638169482 37.94730892410523 0.49525166 1.6376194
5.3566175 378.2076 110.88286358205654 -32.20204209491243 -0.22642231 ""
5.3566923 58.0622 187.36258815879484 24.108927749508783 0.6017561 ""
5.3570786 98.9366 96.00413878518414 -36.70751861965771 1.1727672 ""
5.3571277 161.0729 199.6156843620711 34.09833369269398 1.5141006 ""
5.3572874 26.9145 174.6671612971082 -13.201382200818335 0.7103176 ""
5.3574986 253.3427 240.52321018321214 52.915778092200995 1.7169547 ""
5.3575716 89.5421 202.30389928395843 10.818145824077433 1.2246828 ""
5.357598 162.5078 110.1616279889924 -52.08592075856836 -0.07139778 ""
5.357741 88.764 107.8482804536873 -0.3019728173631489 0.42893028 ""
5.357767 43.9078 236.01816994173114 -15.673115616647049 0.33171368 ""
5.35798 192.8335 224.18319838968617 -62.78105673022948 -0.018317223 0.79629666
5.3580146 64.0329 262.2066076001619 0.3307103265801707 0.3461666 ""
5.3584056 "" 277.77016717029073 -32.989308117015206 0.26362228 ""
5.3584676 97.5834 14.68263440564479 -11.380039485011364 1.1333995 ""
5.358485 "" 67.27885881081833 -13.048372354837484 -0.0757494 ""
5.3586755 187.9292 118.91615543263693 19.883789987617025 -0.01993084 ""
5.3595047 69.6388 172.26686535351712 39.337026731942935 0.014016628 ""
5.3597083 "" 183.78506406188285 70.19988476641385 1.3585625 ""
5.359837 107.9833 327.5005087279091 -64.7127045864695 1.1540117 ""
5.3605824 "" 331.8749703445142 18.000566219113974 2.3545074 ""
5.3605905 145.1977 238.48270056966044 -23.97820254162301 -0.004181385 ""
5.360865 104.9807 205.25969409376208 22.495658146643482 1.168508 ""
5.3612614 101.0018 136.35030839468425 48.53023753473208 0.6234727 ""
5.3616366 97.5549 216.61369185505646 19.227017888504253 0.3099203 ""
5.361748 157.7776 178.91722461194828 -28.477225307384746 1.7003975 ""
5.3626127 "" 358.0972206679926 21.67107559906804 2.033537 ""
5.3627467 302.6164 18.520746757868327 28.529333408491027 2.4075594 ""
5.362882 "" 293.9882970603512 -53.00829152653807 2.9012957 1.2193002
5.3633122 100.0097 351.81291847392714 -58.47579769048607 1.160749 ""
5.363337 88.6235 117.92904994670027 -21.17351000625934 1.0980449 ""
5.3636827 "" 144.26068953044705 16.437936892714408 1.3822012 ""
5.3640366 5.887 224.37159427348143 -21.423140396261676 1.3236036 ""
