gaia-dr3-mag7.ecsv
# %ECSV 1.0
# ---
# datatype:
# -
#   name: phot_g_mean_mag
#   datatype: float32
#   unit: mag
#   description: G-band mean magnitude
#   meta:
#     ucd: phot.mag;em.opt
# -
#   name: distance_gspphot
#   datatype: float32
#   unit: pc
#   description: Distance from GSP-Phot Aeneas best library using BP/RP spectra
#   meta:
#     ucd: pos.distance;pos.eq
# -
#   name: ra
#   datatype: float64
#   unit: deg
#   description: Right ascension
#   meta:
#     ucd: pos.eq.ra;meta.main
#     utype: Char.SpatialAxis.Coverage.Location.Coord.Position2D.Value2.C1
#     CoosysSystem: ICRS
#     CoosysEpoch: J2016.0
# -
#   name: dec
#   datatype: float64
#   unit: deg
#   description: Declination
#   meta:
#     ucd: pos.eq.dec;meta.main
#     utype: Char.SpatialAxis.Coverage.Location.Coord.Position2D.Value2.C2
#     CoosysSystem: ICRS
#     CoosysEpoch: J2016.0
# -
#   name: bp_rp
#   datatype: float32
#   unit: mag
#   description: BP - RP colour
#   meta:
#     ucd: phot.color;em.opt.B;em.opt.R
# -
#   name: pseudocolour
#   datatype: float32
#   unit: um**-1
#   description: Astrometrically estimated pseudocolour of the source
#   meta:
#     ucd: em.wavenumber
# meta:
#   name: result
#   QUERY_STATUS: OK
#   QUERY: 'SELECT TOP 500000        phot_g_mean_mag, distance_gspphot, ra, dec, bp_rp, pseudocolour FROM gaiadr3.gaia_source_lite WHERE phot_g_mean_mag < 7'
#   JOBID: 1719963372482O
#   RELEASE: Gaia DR3
phot_g_mean_mag distance_gspphot ra dec bp_rp pseudocolour
[from data line 14891]
6.680392 "" 313.66647267286686 46.231197581142915 0.107884884 ""
6.680412 837.1971 163.2846143010489 -57.821959069749724 1.5707884 ""
6.680528 43.6252 110.76901535442293 18.27321842585132 0.5828843 ""
6.6805286 "" 35.57664126932019 59.16237316821353 2.0424466 ""
6.680539 "" 221.61146386691595 -64.54303488370458 1.8934097 1.3472959
6.6805677 128.4722 208.96776868598556 -50.66102120705015 1.103786 ""
6.6806846 247.1604 209.76552051994395 -18.622881238939332 1.4250393 ""
6.6807256 186.4753 325.7277169921946 23.32167947971687 1.2383685 ""
6.680804 "" 184.92735709699215 -19.198803116570797 3.2479157 ""
6.6809034 "" 292.16050448233227 39.940801259026316 1.0424824 ""
6.6809278 329.9326 101.84474171548902 -48.56341036141839 0.97133446 ""
6.680942 173.4301 115.90537534200436 -4.707909158495693 1.0781007 ""
6.681034 162.2839 188.38538745656186 7.679389973784623 1.1990347 ""
6.681161 77.7165 358.9933643776946 21.166014478047234 0.428267 ""
6.6812153 "" 85.41825880951431 -2.8964232600418027 0.4309864 ""
6.681266 "" 59.11997180732639 -25.182588136929542 0.9384885 ""
6.68128 199.2002 132.6033426960133 -4.198180724099425 1.0921717 1.4939489
6.681379 "" 198.72618552061195 -34.63174167274525 1.495244 ""
6.6814837 "" 104.28909601689735 -10.824463330759077 0.7537055 ""
6.6815987 "" 175.29033395431034 -17.705547395162387 1.2667303 ""
6.6816144 "" 51.06780505363591 -24.300721237420305 1.4401383 ""
6.6816163 149.4761 264.13910236256993 13.259015193782036 1.3046317 ""
6.6816354 "" 180.34851520219186 66.12295470839281 1.5747204 ""
6.6817126 "" 111.4474049388379 -20.95759943172856 2.3254352 ""
6.681729 "" 90.65687189249091 32.59148870661436 0.59732056 ""
6.68178 "" 270.7571333177654 -22.71849645854286 -0.04365301 ""
6.6818137 "" 7.293643903389085 -11.597960209398025 1.8896255 ""
6.681848 "" 157.84385336371065 73.33074621238998 1.2956357 ""
6.6819973 "" 1.2904842202532387 45.228941611759545 0.10695839 ""
6.6820235 156.6241 19.319088371582055 39.480532717360695 0.042355537 ""
6.682026 "" 263.7948331487043 24.349267725182038 1.7752409 ""
6.682074 "" 111.10233218496519 10.24562898669086 1.049931 ""
6.6821456 113.716 92.8738285678291 43.1652825890308 1.1970744 ""
6.682227 "" 65.89935511514459 42.4277251902999 0.034451008 ""
6.6822433 80.8613 70.5627183075172 9.633539613541123 0.4854741 ""
6.6822762 1112.2024 262.5235094453239 -33.71637390711566 0.19386435 ""
6.6823134 68.2953 117.9552536855209 -20.72077886295123 0.56388044 ""
6.6824937 "" 105.11690813968829 -22.645021156550584 1.768136 ""
6.6824985 "" 276.7129473500509 30.968495713022392 1.2931647 ""
6.6824985 "" 183.9536982356663 -22.055795624255563 1.9701118 ""
6.682576 "" 268.5153179814425 -1.6194042190938074 0.17601156 ""
6.6827083 "" 252.49220423622774 9.421370788100242 1.0758691 ""
6.6827717 "" 120.39353307564065 -18.640775297669926 1.987176 ""
6.682849 "" 151.72422218085936 -17.444163589164344 0.3194952 ""
6.682886 142.04 157.62941222994854 2.150035610644414 1.2094755 ""
6.6831107 "" 274.7715125788743 -51.96479582345529 1.2330608 ""
6.683296 37.8705 164.76780507984077 -53.53910495560381 0.6766672 ""
6.683504 "" 34.85477621271808 -84.60025073029504 2.9016542 ""
6.6835256 "" 257.07203910431883 -41.024521893215265 0.91863203 ""
6.6835766 "" 316.03393411158123 -47.96097854677302 1.3445249 ""
6.6836886 "" 64.00081908648315 -84.18099859716364 1.2496414 ""
6.6837554 310.5339 86.47797887123095 -23.140466404750228 1.386085 ""
6.6837754 168.4768 328.3112123007506 -36.89684819514802 1.1914172 ""
6.683826 "" 36.341080821845026 57.43725360752106 3.1032429 ""
6.6838555 89.7665 133.87339577491258 -7.971265468173228 0.26445198 ""
6.683918 "" 76.01255865559888 47.6647871656772 1.5411372 ""
6.683931 "" 23.268914899346733 -19.154405885192336 1.7861061 1.3721831
6.6839685 "" 133.7334578686566 26.19629283635328 0.8428173 ""
6.6840086 51.3265 279.43941182409685 -4.806595313264527 0.5205684 ""
6.6841316 198.8345 227.5377258108394 -75.46187410996136 1.0917006 ""
6.6841974 175.2962 12.048953169616839 65.1195599375971 1.1019058 ""
6.684214 80.4437 307.0054907398668 -25.6063451142608 0.5301528 ""
6.684273 160.9953 242.0212111798313 -58.97087820543365 0.35344362 ""
6.684405 "" 329.2594293272031 -37.65881688857367 1.525281 ""
6.6844316 176.6885 48.66724138147809 -35.55758797557905 0.93035936 ""
6.6844654 "" 273.7423405234259 -28.671132098174994 3.5822258 ""
6.684528 "" 262.0930000259728 -53.499990250092715 2.1122212 ""
6.6845493 470.4929 254.2129256802411 6.50132182766801 1.8266988 ""
6.684557 257.0831 169.00673462493782 64.90759033768767 1.3236179 ""
6.68459 175.2884 65.01165134804037 78.07954796974822 1.1589003 ""
6.6846747 99.6939 174.44400366810837 -31.218931876085396 1.0608635 1.5087723
6.6846895 97.9494 144.69004278332068 10.777436915470107 0.18981314 ""
6.6847486 397.2199 109.75263435404342 35.1578808477587 1.4781871 ""
6.6847663 "" 102.18332020380372 8.866188400453371 1.0711436 ""
6.6848187 "" 148.40411037881552 25.667197888505637 1.3088031 ""
6.6848636 282.0956 18.31749026163249 34.098379314623664 -0.14296293 ""
6.684886 175.2818 108.45718492186475 10.690739030846416 1.1525645 ""
6.68489 "" 55.37335252175689 51.50323050357524 3.408492 ""
6.684944 133.2843 137.98432231416038 50.43989378520088 0.013364792 ""
6.685 45.1953 341.85540376249565 -17.550759688985487 0.6423235 ""
6.685052 "" 224.6459505378472 -8.71739849483899 1.3873634 ""
6.685226 "" 82.85289004594667 36.77904471084229 2.0047917 ""
6.6854506 "" 144.0089122195788 20.04561302474757 1.2047377 ""
6.6854606 "" 271.03721282904763 -47.720212108595646 2.4314237 ""
6.685478 103.8038 310.91725419947875 5.390189592354865 0.1289444 ""
6.685512 "" 15.440832975958857 57.81668147498978 0.48709822 ""
6.6855145 "" 96.21978831483315 29.706994934639738 -0.062151432 ""
6.685537 273.5782 349.9604308078741 26.2787899212956 5.442873 ""
6.685546 "" 327.26803485425927 49.67710566518723 1.3264155 ""
6.685564 344.5439 273.60041183697086 -70.75128405628983 -0.00554657 ""
6.685621 564.7108 177.4377939481586 -50.72080754517203 1.1441736 ""
6.685742 231.5893 303.66622650233757 58.93920556942232 1.4820914 ""
6.6857843 "" 240.3859518231739 47.1426758912354 1.5627761 ""
6.6858325 "" 206.63096206246544 -64.67553240951743 2.4685097 ""
6.685849 110.451 173.355495663176 -70.19478968014928 0.05105114 ""
6.6858726 163.0829 299.9130844671014 31.826536625810924 0.04498291 ""
6.685877 141.1633 297.5451948107873 -45.379594604844165 1.2175012 ""
6.685886 "" 28.951427030685444 -55.072177967362485 0.24937487 ""
6.685964 224.9923 138.17250789228663 -3.0332072704122988 1.4555016 ""
6.6860566 93.2097 77.67822770114516 63.596853217672106 0.38778496 ""
6.686103 168.8333 81.63006272734393 2.9358818300215743 -0.044475555 ""
6.6861053 455.1612 96.62282377184127 34.010001091346574 2.2256827 ""
6.686125 "" 57.36487134898266 52.655395349049016 0.6082039 ""
6.6861725 "" 243.2829450699157 21.56624250829185 0.18661928 ""
6.6861734 92.0956 125.48752846896329 -10.748091439192116 0.543098 ""
6.686235 98.0955 50.42490262063807 -20.324716091671174 0.01959753 ""
6.6862464 "" 53.61097089892198 24.46449089279418 0.18017817 ""
6.68626 "" 88.74366693866256 17.401891539237702 1.7700753 ""
6.686293 166.8532 108.4160797144435 -53.667803813522504 -0.07540035 ""
6.6864915 "" 141.09517397046935 -29.18082548566459 2.1006832 ""
6.6865916 190.4307 97.60514938539662 41.40162688977302 -0.007568836 ""
6.686601 713.9209 3.20935683434745 37.693645724934456 -0.17053509 ""
6.686749 320.3551 290.94930214370777 39.59060247336056 1.2794237 ""
6.686776 183.3619 1.3336395424536185 -38.857014337458644 1.1100979 ""
6.6868825 "" 145.3644438644861 -10.502588207393716 1.6971321 ""
6.6869044 39.5155 58.90362786407111 52.22730435035905 0.6919818 ""
6.686957 84.2405 276.023276935215 20.45259309337852 0.40282488 ""
6.686963 "" 83.80332048156687 9.613255189721313 -0.17755651 ""
6.687004 188.9666 333.0075982905649 47.09564707460885 -0.019144058 ""
6.687048 "" 41.93752554201462 -59.05105470181561 4.996575 ""
6.6870594 163.5235 114.50641215002263 -8.126272833113465 1.054018 ""
6.687079 "" 267.8023494592684 -30.556879798099605 0.096625805 ""
6.6871676 180.2223 85.95300767598917 85.66840770697138 0.017739773 ""
6.687269 33.0502 309.8869563374066 42.24756209551218 0.6763196 ""
6.687283 373.7952 186.88714081794708 28.108830584201577 1.3678193 ""
6.687338 "" 288.6863000246192 6.048537441931103 1.0852103 ""
6.6873384 "" 132.42154539055286 64.26477515549148 1.4322877 ""
6.68734 66.2533 306.52003733977546 -46.66010190304999 0.34961367 ""
6.6874323 175.5175 160.87384570071973 80.42713230838622 0.07090092 ""
6.687498 134.5819 283.88847360172144 47.44053431099823 1.2995677 ""
6.6874986 "" 12.85800405194171 63.78116584924177 0.87303686 ""
6.6875076 163.6645 62.805537093194296 41.747095429770525 1.2287436 ""
6.6875134 "" 170.96656267924422 -40.50902413863893 3.2491322 ""
6.6875844 "" 351.1454754190689 41.11289179852416 0.06459904 ""
6.6876607 97.768 154.13647418155097 -19.30815041510339 0.20143938 ""
6.687722 "" 298.7121758690499 59.602763180873715 1.3206959 ""
6.6877637 "" 239.66959299663858 -30.724095487993637 2.6073327 ""
6.6878724 50.4956 241.12331551076736 0.6718622469450068 0.6312194 ""
6.6879864 156.9177 101.80445941350885 22.194046593767244 1.2616348 ""
6.6880198 "" 103.90197246619805 -33.80677936238174 1.264276 ""
6.688244 358.6159 83.68065962091684 5.660911530894753 -0.22657251 ""
6.688249 "" 153.96128158861006 -32.17618757660669 3.3036957 ""
6.6883435 "" 306.78307507584356 -38.993022480614115 2.612855 ""
6.68861 "" 103.15305743235714 -70.50995352104623 1.5490298 ""
6.6886315 50.9998 322.7568780772342 59.41834836073099 0.8325434 ""
6.688793 185.2631 29.857980469615402 -40.72733513713913 1.1026192 ""
6.688817 48.5361 65.38237014650547 21.03971713386797 0.57329607 ""
6.688835 341.4809 37.96135870253923 57.53010111135598 1.4758792 ""
6.688871 "" 269.75823888526406 -6.6444047780931275 2.5692596 ""
6.688887 155.3759 59.15753766900949 3.0578859223529893 1.3051105 ""
6.688908 177.8543 126.3261388265207 -22.140134556996557 1.1121979 ""
6.689105 "" 137.0226059736846 -58.12924312247607 1.1385608 ""
6.689114 624.9538 114.33692052208623 5.405194137939546 1.8892765 ""
6.689156 171.9165 174.69565813816135 -40.303175806878755 1.1458306 ""
6.689206 72.4273 97.15952253993187 -0.7211222011643582 0.6414771 ""
6.68929 157.7801 96.7450787402166 0.8410495381213741 0.05016899 ""
6.6893525 62.832 108.3037052384805 47.60647194624104 0.40134192 ""
6.6893535 186.5709 130.26927529213015 -66.81630354508223 -0.113069534 ""
6.689354 295.1487 231.49628738106662 44.30224699868604 1.5500655 ""
6.689388 "" 203.20930042016244 -36.85364863127445 1.4072728 1.4367932
6.689389 "" 304.29031443668714 -67.45566017315028 0.301692 ""
6.6895204 145.4119 111.89204113470392 38.66591712362081 1.0456138 ""
6.6895885 82.3787 339.89385483754086 51.15586724002628 0.5849862 ""
6.689736 "" 308.53152265989644 -23.24970813650249 2.9351125 ""
6.6898155 707.2526 195.98218655543434 7.068214385580298 3.66882 ""
6.68989 32.1212 307.20844188528014 -1.7347408681175573 0.7062807 ""
6.6899004 "" 300.92648084642894 -36.05975304169239 1.4423065 ""
6.6900926 54.4941 134.92777907172263 -27.816505839659726 0.857872 ""
6.690165 "" 28.53734287088146 -57.918887497550045 1.8284254 ""
6.6903486 47.1087 253.1715589215468 18.06203173218228 0.6768904 ""
6.690354 "" 309.82403602252487 -6.190732404334155 2.1119647 ""
6.6904507 "" 305.3509825839611 30.864209379946303 2.3266625 ""
6.690494 113.3255 63.42135933594322 49.093894419552505 1.1021361 ""
6.690566 80.6523 146.8762040979716 63.247193271832806 1.1080451 ""
6.690593 "" 82.18736509782727 -65.44796165891661 1.0992279 ""
6.690618 "" 149.68499072142077 50.125078963782784 -0.065326214 ""
6.6908545 "" 267.8536208067743 74.56907344892585 0.38980484 ""
6.69086 254.8157 225.34396929413063 -71.49090503232861 -0.08788252 ""
6.6909437 201.043 295.2202841752642 -58.2697050663564 1.4161649 ""
6.6909475 505.0258 349.3683092530636 -16.172222178064438 -0.19446754 ""
6.6909847 209.0565 211.95856665297399 -0.056017321887017434 1.7415566 ""
6.6910295 147.7792 49.104310990391404 66.38013745301635 0.0463953 ""
6.691034 "" 125.29754548830576 -42.273397236923074 2.442214 ""
6.69108 "" 356.09514216623154 55.20633488275796 1.5687251 ""
6.6910887 "" 160.65577369365067 3.58326976356741 0.65982676 ""
6.691093 "" 26.09537396233066 32.51557818858482 0.30753088 ""
6.6911173 "" 233.7482542228693 -17.138941243145524 1.2686529 ""
6.6911373 "" 300.8038498068297 50.309163474794374 1.575635 ""
6.691148 179.4055 25.633576057956056 -8.659368702099215 1.2331853 ""
6.6911483 117.8591 48.95303521004087 50.95574098577792 0.1418662 ""
6.6912436 "" 284.63140844070824 25.248704016044055 2.205256 ""
6.691296 "" 55.19930079712742 -2.3336661131452012 1.1461606 ""
6.691316 "" 231.767294286047 -48.45567245964754 2.9615011 ""
6.691354 167.0866 282.3324087049963 -8.31270863865392 1.4011679 ""
6.6913843 119.1611 134.28145694388778 44.40935185241356 1.1008501 ""
6.69139 196.1376 145.90203093811917 13.441767218382902 1.3781204 ""
6.6914544 "" 255.2319843423574 -56.4801114607704 3.0666828 ""
6.691531 768.016 299.46524526102985 38.12110421717839 1.6790247 ""
6.691544 341.0305 95.4388019751877 45.611053898136234 1.5115423 ""
6.691585 167.5049 19.871349474943315 80.89424777161169 0.032442093 ""
6.691626 199.9149 336.0312578533318 -10.197836136946014 1.5356541 ""
6.6916995 "" 80.69057958921921 2.7960237745028502 0.13507318 ""
6.691745 219.2024 305.63585285787593 26.297985043336915 1.3189054 ""
6.6918 288.0154 147.91154120230652 -46.51224542408649 -0.10651827 ""
6.6918035 226.4443 122.66797812435796 2.9493383114417178 1.1293721 ""
6.6918125 "" 120.06626858927838 -32.711830087351494 3.8123875 ""
6.6918144 239.9264 247.14294866756376 1.5868435372779706 1.1136808 ""
6.691893 180.0476 187.7224750414731 71.29986891839505 1.1623726 ""
6.6919136 "" 135.78932450543894 -38.60972213036779 2.4066834 ""
6.691943 157.6608 303.42349621839946 -34.118505723131705 1.1220193 ""
6.691999 214.7115 13.222553829143003 38.54878969418455 0.061095715 ""
6.6920323 753.1824 85.91274699062645 25.43953719121895 0.18297052 ""
6.692304 217.4941 292.81737095995487 33.47069855790407 0.133924 ""
6.692318 136.3966 179.07102582687426 35.44820613384595 0.565825 ""
6.6924043 "" 62.16257803456759 25.877764237637898 1.6227579 ""
6.6924787 374.6042 339.73554666514633 -39.15495096675059 1.1538692 ""
6.6926775 "" 298.2985810803367 58.16472428265272 1.9661455 ""
6.69269 "" 271.30868199721436 -37.719324847101404 1.5974889 ""
6.692702 323.936 267.51390182193313 48.39421105445715 -0.15290833 ""
6.692715 183.2959 270.6928144022172 -5.3581621239762445 0.27448797 ""
6.6927805 "" 24.552570516580584 62.3517849712365 0.0016522408 ""
6.692787 "" 355.7593528576589 -29.044065631476563 1.6643949 1.4148208
6.6927886 "" 272.0673385904229 -55.69125858218882 1.6821079 ""
6.692793 "" 349.66273840498104 33.72722416871792 1.5820513 ""
6.692816 "" 176.5581609030466 -48.20980243011738 2.343624 ""
6.692824 "" 257.1836291201004 -46.42334212498282 4.717961 ""
6.692913 "" 206.88150638830038 37.89328629459906 1.2418284 ""
6.692915 "" 311.8939878729307 1.8318081583910673 1.650897 ""
6.692981 "" 259.87417558078647 -18.95529156687743 2.506681 ""
6.6930375 "" 37.93987952613131 39.96251397678089 1.2462902 ""
6.6931553 147.3919 331.8973385021634 -14.490870444324381 0.18147802 ""
6.6931562 "" 147.2078055170909 60.09668091432778 1.2666192 ""
6.6932592 "" 35.17882327620414 55.90907187963558 0.511096 ""
6.693346 "" 0.5306237817188219 44.5321851454671 2.2039266 ""
6.6933713 206.2071 330.66048066849044 15.986391773847291 -0.045589924 ""
6.6933804 "" 181.00136415532367 -10.296089218973588 0.41102886 ""
6.6933823 "" 258.9212101928024 -9.808943422265472 1.1388459 ""
6.693448 91.9627 110.1354228384469 -26.700072417334567 0.3373437 ""
6.693467 136.9621 317.63376854468913 22.454576580721145 0.029177189 ""
6.6934686 "" 56.18836385050428 27.92039057089236 0.8357668 ""
6.6935577 84.473 186.11163418203722 25.582353825655503 0.28933668 ""
