gaia-dr3-mag7.ecsv
# %ECSV 1.0
# ---
# datatype:
# -
#   name: phot_g_mean_mag
#   datatype: float32
#   unit: mag
#   description: G-band mean magnitude
#   meta:
#     ucd: phot.mag;em.opt
# -
#   name: distance_gspphot
#   datatype: float32
#   unit: pc
#   description: Distance from GSP-Phot Aeneas best library using BP/RP spectra
#   meta:
#     ucd: pos.distance;pos.eq
# -
#   name: ra
#   datatype: float64
#   unit: deg
#   description: Right ascension
#   meta:
#     ucd: pos.eq.ra;meta.main
#     utype: Char.SpatialAxis.Coverage.Location.Coord.Position2D.Value2.C1
#     CoosysSystem: ICRS
#     CoosysEpoch: J2016.0
# -
#   name: dec
#   datatype: float64
#   unit: deg
#   description: Declination
#   meta:
#     ucd: pos.eq.dec;meta.main
#     utype: Char.SpatialAxis.Coverage.Location.Coord.Position2D.Value2.C2
#     CoosysSystem: ICRS
#     CoosysEpoch: J2016.0
# -
#   name: bp_rp
#   datatype: float32
#   unit: mag
#   description: BP - RP colour
#   meta:
#     ucd: phot.color;em.opt.B;em.opt.R
# -
#   name: pseudocolour
#   datatype: float32
#   unit: um**-1
#   description: Astrometrically estimated pseudocolour of the source
#   meta:
#     ucd: em.wavenumber
# meta:
#   name: result
#   QUERY_STATUS: OK
#   QUERY: 'SELECT TOP 500000        phot_g_mean_mag, distance_gspphot, ra, dec, bp_rp, pseudocolour FROM gaiadr3.gaia_source_lite WHERE phot_g_mean_mag < 7'
#   JOBID: 1719963372482O
#   RELEASE: Gaia DR3
phot_g_mean_mag distance_gspphot ra dec bp_rp pseudocolour
[from data line 2593]
5.1494646 "" 73.69536870684387 11.426062598954953 0.18472862 ""
5.1499434 128.2921 143.08037819801507 -40.64936615984777 1.0615506 ""
5.1503215 74.6603 15.704940822421262 -46.39725667406444 1.0668154 ""
5.1504083 363.4825 122.39956751171958 -44.122753377771616 -0.24160814 ""
5.151171 175.3368 84.93423126146664 25.896994192480566 -0.19648266 ""
5.1512284 37.1123 180.5263560226811 43.045950986295686 0.38089895 ""
5.151627 "" 185.53023379273657 -67.52213313126967 0.2856698 ""
5.151671 106.0656 16.949582389893344 -41.486837020506904 0.23977327 ""
5.1516953 34.0642 149.71732201067496 -35.89104376556409 0.424891 ""
5.152694 "" 111.2379018175977 51.88710715182441 1.8490615 ""
5.1528487 20.36 336.2359507884891 -57.79902222498268 0.8536248 1.4598736
5.153087 261.4111 111.16742414254405 -16.201564997545837 0.017861366 1.7647824
5.153431 142.5461 292.8303259224117 50.30690913344243 1.419414 ""
5.1534834 "" 292.54390371441406 2.9040693655961323 2.2098207 ""
5.153671 "" 357.839038205243 -18.9091816540268 -0.14701557 ""
5.153899 234.8208 294.7985302043944 5.397752187865087 0.01949215 ""
5.155013 41.493 84.43571539288124 -28.689501838606315 0.63737917 ""
5.155814 156.2157 8.420855814042444 -29.558405720594735 1.4157872 ""
5.156254 41.9187 18.433498115965318 7.575124155405294 0.37325716 ""
5.156428 "" 328.61055125406574 80.30852619669653 2.774755 ""
5.156718 457.2763 117.54406864793292 -9.183442468209659 1.5471773 ""
5.157409 "" 147.7314723552699 -62.74507828339462 1.4543777 ""
5.1575093 "" 230.844284555825 -59.32083717924098 0.45734072 ""
5.157641 160.0115 54.072684976310974 -17.467108360965675 -0.14518213 ""
5.158563 "" 34.97631948656087 -55.94471343079176 1.8466582 ""
5.1587687 160.9457 129.98981038886023 -53.05462296126279 -0.16308069 ""
5.1590323 "" 253.5011678567476 -57.91006317140842 2.021298 ""
5.159155 129.759 185.13965221773412 -22.2160234127989 -0.08691597 ""
5.159354 83.58 191.40392617113886 7.673346682631095 0.4353323 1.6712601
5.15973 "" 93.07957917737562 22.908505486051528 2.6636312 ""
5.159852 158.5346 159.77289080580104 53.667946529632836 1.4098396 ""
5.160376 "" 109.0644805989264 -46.774388969505075 1.5769048 ""
5.16051 "" 141.7748148563626 -71.60153271512311 1.2285438 ""
5.160837 "" 74.96033039650118 -10.263907242637888 0.99702215 ""
5.160959 "" 12.682034097380217 64.247504199429 0.8124571 ""
5.160967 209.4469 242.9501501751811 36.42494704850216 1.5564952 ""
5.1620817 "" 23.704577243195878 18.46021938299748 2.0001101 ""
5.1625314 "" 141.94395258828746 -6.071625333156992 0.8492856 ""
5.162956 "" 339.66271762184084 63.58438561837723 0.12702036 ""
5.1631446 366.7186 194.1081029726309 65.99434944839442 2.831911 ""
5.163304 89.8559 349.8743477179407 48.62555673931306 1.1772213 ""
5.163772 "" 179.00374313071154 -17.150861228196657 -0.021769047 ""
5.163952 "" 310.0827332545108 -33.43169287437136 1.2691374 1.4603493
5.1641803 "" 126.39796411677197 2.102166021270824 1.705751 ""
5.164681 183.8846 276.2552497684025 -30.756879007604873 1.3956618 ""
5.164696 "" 299.97998599019235 37.04288445584435 -0.20451498 ""
5.164734 "" 265.8288866542296 -57.72399745322101 2.8198395 1.2049035
5.1648555 135.3391 307.87681882426995 74.9545493625709 0.1305027 ""
5.1652684 127.1112 290.7120276985987 26.262361951735215 -0.16308975 ""
5.1653647 "" 129.77176452947617 -70.38691826889227 0.031996727 ""
5.1657453 "" 272.0088020827517 36.400439641949546 1.2950172 ""
5.1662307 "" 196.43494419200997 35.7989889758895 -0.060245037 ""
5.1669292 158.9353 156.03577234610128 33.718517383024874 1.3425255 ""
5.167717 38.5982 59.1528146624188 50.69479996042314 0.57158613 ""
5.1682386 "" 157.36937676349666 -2.739133659330822 -0.048378468 ""
5.168311 "" 286.8255442851445 36.10013816033054 -0.12910509 ""
5.1687064 "" 252.89050342811538 -41.230536548894186 0.19217443 1.681882
5.168725 "" 154.40679133020728 -8.06889823702717 0.4430852 ""
5.1690364 "" 126.67439005752775 -12.534719330123778 1.3305745 ""
5.169213 "" 87.85733390574998 32.12469326492145 2.487677 ""
5.169462 "" 64.17941618940675 53.611799245562445 0.10596466 ""
5.1695166 92.0345 25.733785655829156 70.62246295889106 -0.021755219 ""
5.169844 "" 134.79448541689405 18.13455609380172 2.6268215 1.1881824
5.1700344 "" 116.88124589508425 -46.60845054394359 -0.2068901 ""
5.170657 "" 284.56144590723324 17.360872330389174 1.0557084 ""
5.170779 311.7792 325.54211813346353 1.2852170422034874 1.5970044 ""
5.1718464 "" 31.283341896559243 77.28105687418844 0.46941137 ""
5.1718526 "" 225.4538757587987 -0.14036703032212228 1.9301853 ""
5.1718717 "" 92.9642251620216 21.868228022064805 2.7243047 1.2255937
5.1719894 "" 273.9731342783258 -44.206399107910414 1.1615853 ""
5.1737933 "" 219.5518143375385 43.64226526699957 1.7026191 ""
5.1739206 131.2593 88.74094972933278 59.88829032330466 0.04955244 ""
5.1739836 "" 347.1711613579036 2.1283463185838603 1.1080146 ""
5.173991 "" 353.7460805864376 71.64204123766595 1.8999639 ""
5.1740646 14.8872 284.25768829000344 32.90072064481614 0.77946234 1.4976143
5.1746683 "" 83.91450788977377 -4.856028767031091 0.38353205 ""
5.1750674 "" 295.9380112665516 41.77315918691611 1.9052529 ""
5.1751633 "" 163.12847432664975 -57.24038860667154 0.31187582 ""
5.1761 "" 247.92401678007585 -41.81715759331093 0.5788202 1.6017414
5.176575 "" 222.62233994394327 37.27247142782778 1.2198353 ""
5.176976 "" 350.6637077596506 -15.039280753621433 0.30893946 ""
5.1770844 "" 71.26741681657592 -21.283457973965422 1.6454744 ""
5.1771407 "" 70.7885626742548 -30.76586152613707 1.5803375 ""
5.17749 105.7488 12.357219476591224 -13.561735412506614 1.4758782 ""
5.1777754 "" 148.02644045927295 54.064412749593956 0.08529806 ""
5.17791 "" 161.60272300084318 18.89134010130794 1.2784963 ""
5.17792 118.5207 209.6295345054214 -24.97239164697675 -0.09859228 ""
5.1803875 85.9976 344.86478099905884 0.9626195716025394 1.1282225 ""
5.180653 "" 112.00863127048596 6.941776685024152 0.327744 ""
5.18087 322.2239 122.42976653785009 -47.93714850212322 -0.28919697 ""
5.1813154 45.8557 214.9630611319681 -61.273371618670204 0.34257317 1.6840438
5.1820292 90.5398 236.66707720541896 62.59930592517897 0.07930231 ""
5.1825542 127.3068 283.5551586409434 27.909207902672637 1.5361271 ""
5.1829305 "" 106.41279339725808 9.185740498041325 1.7400618 ""
5.1829605 223.0356 80.45182535608018 41.80440450771833 -0.19401264 ""
5.1837015 "" 251.2976870347109 -3.0849780551501835 3.4166672 ""
5.1839004 "" 41.02151448594689 44.29701159652296 1.088613 ""
5.184288 "" 97.95132164448195 11.54453534508925 0.26473188 ""
5.1846876 58.1387 146.58757655788597 -76.77636912153149 1.0895653 ""
5.1847405 "" 293.2823554284752 5.029379659027878 2.9651337 ""
5.1849346 145.0217 204.95199942499667 -40.051951717340216 1.471189 ""
5.185165 "" 319.63503171107965 61.18438388467299 2.7801235 ""
5.185173 "" 119.86770935945489 -39.297011011988296 0.55152273 1.7652297
5.185569 "" 248.58039860475637 -70.9881513597289 1.3113527 ""
5.186196 "" 22.37725795622084 -46.7563473847 2.467289 ""
5.1871767 154.1907 189.2428748001843 17.089457101211003 1.6145673 ""
5.1875916 411.3415 91.05623438393785 -6.708935396643305 0.05304718 ""
5.188395 171.2976 291.6195287825677 19.89128381255836 1.8664689 ""
5.188601 "" 345.28220159765345 -50.95002699052798 1.586729 1.3846014
5.1887217 "" 63.6509272749023 10.011349471180235 -0.09407902 ""
5.189074 "" 247.72852456467155 1.9838990504782108 0.32295465 ""
5.1891446 "" 108.67516668494785 24.884585827916283 1.8472385 ""
5.1893196 "" 80.87565202279559 -13.927357531318496 -0.31466913 ""
5.1893725 206.0399 136.93662365797928 10.668146083324464 -0.09695625 ""
5.1895666 217.2237 113.02477731370873 1.9144758190703068 0.34063244 ""
5.189587 94.1553 129.32836732087387 -62.85356147656376 1.1703858 ""
5.189621 "" 313.3274305123475 45.18166205861022 1.1987147 ""
5.189662 89.0738 21.673904574203856 19.240168610722197 1.2490959 ""
5.1898885 "" 137.00004423055893 29.65424386652119 1.0596113 ""
5.1906443 "" 12.81824376728299 61.80548436216646 2.1622415 ""
5.1908336 "" 309.68329079550284 13.315126906300648 1.6326561 ""
5.1908383 "" 291.5800014238526 -21.776711326185875 1.3933845 ""
5.191002 "" 24.186847094893977 -58.270967792047486 2.4030943 ""
5.19194 92.9481 107.09180955987196 15.930219065627805 1.1942344 ""
5.1920724 37.3516 53.10907335874553 46.056528981678206 0.5679965 ""
5.192663 "" 133.46078552826927 -47.52085749439499 0.38702202 ""
5.1927147 107.7345 23.233550002402463 -36.86531446998023 1.2035451 ""
5.19279 "" 270.59603053928646 20.833593576080187 -0.11155462 ""
5.1929517 "" 259.90512480694304 80.13640346345662 1.6600909 ""
5.1930594 105.032 89.7064927736685 0.5529919199175638 0.04131365 ""
5.1933417 "" 20.853927878744717 20.468929253848447 2.0716147 1.311523
5.193455 462.4645 201.7337634763123 -41.497556651195175 1.5961518 ""
5.1940136 15.2201 116.39431122718193 -34.164961809798164 0.79573345 ""
5.1941724 272.8923 234.41242194096176 69.28356386738083 1.4929118 ""
5.194364 "" 130.07956574474375 -40.26384190319169 -0.027899265 ""
5.194829 144.4495 112.62892400380903 -54.3992426873238 2.0122457 ""
5.1951 50.3001 134.31257024511896 15.322857248148475 0.20034933 ""
5.195222 233.6918 32.190201288184625 -17.779251025377125 2.220255 ""
5.1956515 "" 49.59455273795015 -0.9305570891330812 1.2345605 ""
5.195844 "" 74.28978349225564 59.1202046105815 2.8197742 ""
5.1973004 "" 161.6230989157035 -64.26319513246548 -0.080328465 ""
5.197312 "" 163.4317636727799 -2.129137165937513 1.103776 ""
5.1973867 90.8449 224.3888136386919 -0.16772971210238355 1.2692661 ""
5.1974483 "" 78.65404368906428 -0.5628570560109355 3.2221155 ""
5.1979556 "" 163.6233822531451 -61.82663628188002 1.994503 ""
5.198454 94.0581 106.01153016934137 -42.336959266928154 0.25779295 ""
5.1986847 74.2028 282.4704324913161 32.55100797182316 0.1529994 ""
5.198735 "" 251.94333015762658 5.246571902304528 0.03227377 ""
5.1989465 "" 271.95093564708014 -17.153900116266225 1.2741475 ""
5.1989574 "" 28.977056791103912 37.27776872824591 1.9370241 ""
5.1994576 200.6142 276.07598760145254 -44.110353035762444 -0.24434376 ""
5.1995134 "" 326.93377003657736 -30.898318451017648 0.08457708 ""
5.1995974 "" 145.39640134501957 31.27776826466136 1.9110603 ""
5.200431 11.2098 143.9106108359265 35.80898121341234 0.93412685 ""
5.200505 113.5248 84.95757749323094 -32.62935628813988 1.0692868 ""
5.2009716 "" 152.5239694295334 -12.816410593852698 0.5042939 ""
5.201296 "" 113.40192594835129 15.826615362912502 0.11411047 ""
5.2017417 74.6826 239.31014940029755 14.414868651587165 1.2943687 ""
5.2019286 47.9656 65.15179237979066 15.095358731795551 0.31598282 ""
5.2021317 "" 65.77367779194316 -24.892214607324124 1.7858028 ""
5.2022867 59.3125 173.98182579439617 -47.64185963913666 0.3442788 ""
5.2028384 40.0203 246.989482585269 -64.05782647766625 0.49093866 ""
5.203083 354.8375 9.33836579713746 35.399489729130536 1.0627933 ""
5.203191 "" 44.95753528844823 47.22080144815189 1.131547 ""
5.203287 "" 57.296830774548276 24.136498420483132 -0.033113003 ""
5.203313 "" 119.07766060043303 -60.526384548978456 1.6948724 ""
5.2037106 100.8243 168.18787777972287 -64.16974512297699 -0.0936718 ""
5.203824 "" 107.58045629346663 -27.49150859209134 1.1300817 ""
5.204391 38.0597 201.3064295681064 -64.48524485104619 0.56398344 ""
5.2046046 "" 100.60139638443486 17.644920414809167 0.08575249 ""
5.2049575 14.861 150.24996758591067 31.92176197567589 0.84054756 ""
5.2049804 158.3411 137.39813068285667 -8.78767986382649 1.1369543 ""
5.2050533 "" 292.46755621756427 -26.9858182384683 1.2477393 ""
5.205132 320.8618 260.81694351424534 -47.46827468483385 -0.1049304 ""
5.2051387 "" 327.5365408539466 17.285560523053032 0.5446353 ""
5.205245 "" 117.03559653555843 -40.65249836355544 2.3025641 ""
5.205865 82.8822 283.71739447350785 41.60271038538623 1.1754031 ""
5.206048 "" 315.74130302245226 -38.63193162460388 0.57624674 ""
5.206147 "" 168.91568462190037 -12.592619166484113 2.8391533 ""
5.206245 83.6101 233.24132786907788 -1.1865879428843162 1.2356935 1.4311767
5.2067103 "" 312.4069092324161 50.127109633492275 2.815238 ""
5.206891 "" 173.73570564319266 -49.135675873072316 1.2172027 ""
5.207614 "" 100.12062000393435 77.99575740884993 1.6562333 ""
5.2082214 "" 62.59383320325486 -6.923903878301116 1.0932517 ""
5.2087398 41.6534 264.5225921800067 -54.501099432591694 0.2595539 ""
5.2088003 89.0047 337.16358811311056 -39.132498869498114 1.1490488 ""
5.2088933 "" 330.27092700386885 0.604669142514775 1.4226518 ""
5.209016 266.6625 208.70442111667236 -67.65217004350902 1.6381197 ""
5.2090397 44.755 46.06912286531639 -7.6007763478364785 0.28028107 ""
5.2098575 159.568 269.9031586327353 -4.821519430823486 1.8148117 ""
5.2098746 14.572 260.16557980211155 32.46311742250856 0.8206105 ""
5.2101936 401.5175 340.36936127050086 40.225427094031346 -0.19197989 1.8244184
5.210528 "" 120.19706589573826 17.30868504406468 1.4165702 ""
5.2113223 80.4519 108.71296542825624 -27.03812515504053 1.3820219 ""
5.212021 "" 39.40075741662563 65.74529687500144 1.7395315 ""
5.212071 94.4317 62.29202415440526 19.60907611819197 1.223248 ""
5.212268 59.9264 39.3521946305974 -52.543198712272 0.40473032 ""
5.2126265 49.6916 153.34489994908006 -51.23303006726359 0.37677336 ""
5.2126594 394.8707 94.92830924227715 -7.822912210337268 -0.26484966 ""
5.212695 108.1615 118.72158219128177 -57.30266990142801 1.443449 ""
5.2128115 "" 44.80294838728357 21.340395601442104 0.09149361 1.7342856
5.213465 187.7282 138.60187756718852 -43.22743030095042 -0.17917871 ""
5.2137246 35.3049 88.7085855650937 -52.63439672920958 0.4121642 ""
5.214047 162.977 293.7122776759436 29.463031899774748 0.8194752 ""
5.214348 "" 88.1671503808223 33.91750362125764 2.0661683 ""
5.2148805 "" 179.9055498443618 -78.22189357267365 -0.06283474 ""
5.2150507 127.3728 301.0964463044536 -0.7098333876187539 1.5339336 ""
5.215097 12.8827 246.0058026651914 -39.192965569776966 0.8076582 ""
5.215474 "" 44.6752116679899 -2.78317895103077 0.03730917 ""
5.215502 "" 196.20087878698916 -41.196398966159286 2.4425497 ""
5.2161894 "" 280.0015239274241 -7.790958285991326 1.7763724 ""
5.2164683 113.7116 80.86613551739529 57.544157123933594 0.033813477 ""
5.216747 212.3815 108.27996908858493 -11.251308957655636 1.687377 ""
5.2168517 "" 94.25514011574715 -37.73707301257652 1.2702079 ""
5.2169175 49.6851 281.0949541298853 39.61293241826713 0.22511673 ""
5.2170644 "" 45.18428219833366 10.870244195245899 1.9731188 ""
5.2172923 "" 56.91543821952626 -23.874461821747847 0.0978508 ""
5.217624 "" 267.59554105945676 29.322350100717756 1.2243414 ""
5.2176795 104.0925 276.72507768704355 -48.11748392980524 1.0299783 ""
5.217743 "" 141.03458414996817 -80.78627764699148 0.6179733 ""
5.2179375 131.8127 327.72975203468667 -82.71905458598286 1.0673761 ""
5.21826 "" 156.1651012055365 -54.32191771393482 3.237754 ""
5.218416 26.8017 255.78630690246376 -53.23757508910149 0.64127827 ""
5.21848 "" 79.41764135608419 -13.5200431178163 1.1424003 ""
5.2188826 "" 185.08163701533257 26.618994965341837 1.2452931 1.4484477
5.219237 "" 349.96868296698426 42.07809785748818 1.7335176 ""
5.2193494 35.0856 61.041811888510715 2.8263973953451176 0.67248154 ""
5.2194843 "" 192.43748405722374 -71.98627415124237 1.2985382 1.4425323
5.219635 "" 230.03505793356243 29.616016255005576 1.1957288 ""
5.220193 "" 166.819035821777 -42.638495595099926 0.07393694 ""
5.2203093 "" 197.1351116868198 -8.984666659909708 1.3327408 ""
5.220325 136.3578 124.57254072256885 -35.451701500946506 1.3807302 ""
5.2205296 79.6686 36.8655860234277 31.801155590376656 1.2891684 ""
5.2212043 "" 200.07862443187625 40.1505301069927 1.3874898 ""
5.2212815 49.2431 37.04150283266956 29.66894665247706 0.40267086 ""
5.2234244 "" 15.326529959977933 -38.91630702602228 1.3677163 ""
5.223519 "" 301.0347089596755 7.2780179395853 1.2217107 ""
5.2236905 "" 356.05046034296106 -18.27695873545424 -0.07617426 ""
5.2239323 20.4236 112.4839174979886 49.672091036241135 0.6423235 ""
5.2242475 141.2843 143.6360732660432 -5.915208190098118 1.3011379 ""
5.224309 "" 343.6884285408741 -16.272351239419255 1.2471442 1.4509493
