gaia-dr3-mag8.ecsv
# %ECSV 1.0
# ---
# datatype:
# -
#   name: phot_g_mean_mag
#   datatype: float32
#   unit: mag
#   description: G-band mean magnitude
#   meta:
#     ucd: phot.mag;em.opt
# -
#   name: ra
#   datatype: float64
#   unit: deg
#   description: Right ascension
#   meta:
#     ucd: pos.eq.ra;meta.main
#     utype: stc:AstroCoords.Position3D.Value3.C1
#     CoosysSystem: ICRS
#     CoosysEpoch: J2016.0
# -
#   name: dec
#   datatype: float64
#   unit: deg
#   description: Declination
#   meta:
#     ucd: pos.eq.dec;meta.main
#     utype: stc:AstroCoords.Position3D.Value3.C2
#     CoosysSystem: ICRS
#     CoosysEpoch: J2016.0
# -
#   name: bp_rp
#   datatype: float32
#   unit: mag
#   description: BP - RP colour
#   meta:
#     ucd: phot.color;em.opt.B;em.opt.R
# meta:
#   name: result
#   QUERY_STATUS: OK
#   QUERY: 'SELECT phot_g_mean_mag, ra, dec, bp_rp FROM gaiadr3.gaia_source WHERE phot_g_mean_mag < 8.0'
#   JOBID: 1719964238171O
#   RELEASE: Gaia DR3
phot_g_mean_mag ra dec bp_rp
[from data line 49895]
7.786387 32.79787108046643 -76.29842327104112 0.54430103
7.7863913 191.21434748846448 -52.75585727727438 0.57634926
7.7863955 132.33713401920988 3.684028121529265 0.94221497
7.7864184 164.40720014064297 15.760956269123385 0.5825057
7.7864375 176.79086787276242 -5.180579109460913 1.9035449
7.7864423 25.444919795918224 49.30298866121177 0.61935854
7.7864532 147.57758677089208 5.221580416198806 1.9226699
7.7865143 196.9269878341652 -49.72590559390747 0.15355015
7.7865167 73.6865964791816 4.773350749666812 0.66515064
7.7865424 103.13433918203698 11.905002701794949 1.5753093
7.7865496 337.58751854279046 2.0415194986339995 0.69028425
7.786563 270.10718158449123 57.34787083847959 1.2124314
7.786619 304.589720846606 9.649799709435422 1.2809801
7.78662 332.9208670886943 -44.749116647874246 0.6613002
7.786631 204.27599706084334 -27.652141894485798 0.6378989
7.786632 339.95382512080414 56.1603295956375 1.4764361
7.7866635 238.62612946027602 -57.27298156569538 2.494357
7.7866735 122.83597475199714 -14.372631401172477 1.1937323
7.7866783 140.1643260681479 -68.35912498481817 1.295783
7.786712 75.79869238130176 -50.32200215636161 0.5153041
7.786801 98.18011974936222 -7.508967791538118 0.71501017
7.7868123 183.50728953515454 -59.3968924170447 -0.004319668
7.7868285 169.2066684553207 -50.926047683381206 0.522058
7.786837 346.3633378597703 -58.8992384189425 0.38044643
7.7868385 201.28696806690039 -78.95259018428523 0.5994363
7.786859 212.07355950771705 -60.52419751831467 2.3677902
7.786862 225.05403140459555 3.2615092930133143 2.950264
7.7868757 38.1772317587785 61.45598869762946 0.7752514
7.7868986 100.763490335691 -34.731401383891765 1.5828362
7.7869334 282.84774595701276 -30.118335657513548 1.2710195
7.786952 41.683964173490146 55.87863995941928 1.3266349
7.7869725 111.99966543460215 -28.478771388493318 1.517137
7.786978 286.81111266667125 -24.523926755963195 0.18543577
7.7870216 359.8305299104833 41.12894499057168 1.4754057
7.787027 73.74867630164697 74.29086340177261 4.0520535
7.7870727 47.21611481342841 -44.95941405653073 1.1378169
7.7870803 96.3590448215607 46.533644323506444 0.088675976
7.787081 60.994691053079585 -6.051864229218173 0.3930831
7.7870827 302.04141237955326 17.04302340153951 1.7015672
7.787095 47.99893725917149 41.43595759841678 2.3007774
7.7871222 156.31163413907197 42.71979955063274 1.158145
7.787123 226.78406389064415 -27.477411493517003 0.49351454
7.787131 283.65905661767624 -5.029600737909089 2.9683986
7.7871346 181.15033769052326 2.619826112057954 3.4789639
7.7871814 1.8081411245646344 73.21025251122843 0.5422673
7.787227 287.7903546630094 -2.638782814585346 0.86122036
7.787232 131.20684569935247 1.7085941081386182 1.1190801
7.7872443 141.82972545782366 -48.30499478365014 0.4690447
7.7872496 172.82780044000907 -64.42807494970045 4.48521
7.787268 281.8802263926116 -24.31989061881089 1.4064679
7.7872853 201.2943170457455 63.12314828020996 1.7218533
7.7872977 351.71358343063275 -59.644776430387715 0.6247859
7.7873087 304.23649602570583 34.13968030153309 -0.049901485
7.7874327 130.91118029354817 -47.40309012410012 1.607461
7.7874546 296.5591155412106 58.36668356035415 0.71325827
7.78748 255.58402757987602 -44.914714570049725 1.523767
7.7874875 222.49698479975143 57.914309755731736 1.1526957
7.7875023 67.78351882466507 7.3321800225978455 0.48589897
7.787522 170.7164192531982 -57.63716424809423 -0.151402
7.787522 322.0228334723197 65.89696151541848 1.3124528
7.787526 91.03003674828695 -29.339036116357857 -0.030130863
7.7875566 297.2808283224518 -61.81541579048078 0.6722064
7.7875624 5.772391200544879 -48.34901576554684 1.1107159
7.7875724 95.19813795284112 -33.58307254795831 1.5091448
7.787573 263.01882386828686 -12.326075694603066 2.5119987
7.7875857 321.20196705379357 39.0401068992981 1.5318813
7.7876134 235.61194061999163 18.216269668123463 0.5679054
7.787722 160.05177615158928 38.40309767741864 1.4702764
7.7877226 10.054286441455503 47.25582756159203 0.9463062
7.7877364 147.18585653349427 43.66531507240575 0.15484142
7.787784 34.16119155450654 -42.92666735426853 1.3025746
7.7878156 124.50174980732578 -16.860646206918688 1.1352739
7.7878213 330.3730526734887 -73.86160063719348 2.568089
7.7878265 324.77754279177014 36.044060483735 1.8966007
7.7878294 29.668959291911513 67.57943720864164 0.11068249
7.7878556 152.28450879681313 50.82129410913772 0.27667618
7.7878995 93.64592174293409 -22.219978168701413 1.2852898
7.7879076 8.752597777527654 42.69445051002161 1.0208378
7.7879925 261.6175629017546 59.03830195507298 1.2855215
7.788024 233.4721675302212 -31.019209202920937 0.8759718
7.788034 349.2673088195049 -10.370972782851629 1.1587305
7.7880416 89.09154716095551 54.26945809583544 0.97746754
7.7880516 138.71977262661858 22.711622650684866 1.3307772
7.788052 245.76987237032463 -27.87965158944835 1.8729982
7.788057 229.46223671174073 -20.72231291013277 1.239821
7.788086 20.554624356624196 14.340690087707337 1.1587944
7.7881007 107.40837700138603 -78.9419281818011 1.9344106
7.788107 350.07571059780116 6.872536469530172 0.8370404
7.7881136 20.076696866286238 37.67231861317367 1.9163785
7.7881665 238.2535491315068 -57.58421070187137 1.553752
7.7881975 114.82714919925102 -16.31769421439937 1.1568408
7.7881985 308.36637360946065 22.83635472649869 2.2337093
7.7881994 230.20005500726631 -44.22881707856646 1.7798395
7.788214 160.14525244184787 35.72291478865179 1.2680259
7.7882166 187.8296795599063 55.118844491249305 1.1858382
7.7882314 329.5084116981126 43.14962453921964 0.13952398
7.7882338 270.6978766224431 -29.36626694881199 0.0054335594
7.788246 92.11044256921487 23.369504189866852 1.1551538
7.7882695 78.1353082857853 64.28701225423485 0.6924801
7.7882957 101.1511594527657 31.969525971688014 0.6857395
7.7883496 21.002000589397195 -72.32439418237061 0.18492794
7.7883763 312.4533793970315 -6.696852552058653 0.6829314
7.7883825 305.3251852676397 31.562166525111763 1.8874555
7.7883887 15.377034889847607 37.59039313116783 3.0309682
7.788401 233.83758815181096 9.135126679946058 1.3665185
7.788416 267.6549411050768 9.542015636607772 0.13758898
7.7884173 297.497325320753 45.15144557826573 1.3498063
7.7884545 256.424468285259 25.50704166241563 1.1179123
7.788456 183.77623465615 -7.257548416243316 0.9449582
7.7884717 234.49836907471484 5.0918415181487635 1.1763821
7.7884884 98.84375580110027 -31.793486180937137 1.2016783
7.788489 314.03556086236483 21.440458211056335 0.40913296
7.788537 242.1325129469402 -64.21328588721725 2.7077198
7.788537 314.6814721318078 41.64960440830573 1.7832346
7.788543 185.55849212222296 -39.51947052651337 1.1953096
7.7885537 150.76497503398454 71.36287585904113 1.4698172
7.788563 164.48314212209388 14.461822774910388 1.0439744
7.788569 83.0951315652283 44.089107820078866 2.8033328
7.7885785 341.40961486014174 -66.09990833352134 1.0938439
7.7885833 304.57097827695924 51.866967354353754 1.2851906
7.7885947 326.05908722919185 -7.158305955573387 1.2298379
7.788631 137.6032571503991 -14.900206031121916 0.2649188
7.788638 318.84914790772984 -10.347788591957984 1.3420205
7.7886524 296.9860793873623 41.755159902732174 1.5748744
7.788725 252.86353326377557 54.033760597554156 1.5002012
7.7887545 271.73095613240474 -29.074800448518015 0.07551527
7.7887807 25.554561548300228 39.31937996481657 2.3796759
7.7888017 332.9626100906066 6.290713277872408 0.37865543
7.788827 277.024441222444 -38.35667874005901 -0.05691099
7.7888403 129.69841818346427 -33.87103914454132 1.0834703
7.788841 46.15195410383014 -77.16635988619713 0.83722925
7.788861 221.19413050926082 32.12963558394877 1.1328888
7.788876 284.4471272834431 -21.73956165722778 1.6347976
7.788923 209.64853605381504 53.57912911195814 0.74951935
7.7890477 35.2364142340199 -72.31159412602422 1.5084972
7.7890544 250.45929396339858 13.147749637878588 0.84051514
7.789065 73.43040197838292 -27.701434337943727 1.0873032
7.7890673 344.7288097846072 27.49957793887855 1.0592918
7.789098 198.69421887914925 -74.07207923965665 1.1224313
7.7891197 280.542083477943 -32.36712310037123 -0.104897976
7.789134 311.1001656825041 39.74916462199454 1.1774321
7.7891483 21.921545125261954 -39.142395656609814 1.5147715
7.7891545 213.58884471361532 83.94458412692597 1.7441936
7.789186 219.29810690513222 26.73662436324597 5.1501374
7.789195 263.11170319491373 35.773103690326536 -0.09359121
7.789198 122.80490007061499 -45.16384167663959 1.1736922
7.789219 224.55860001476586 -36.06435665769862 -0.07249451
7.7892447 91.98924535936854 -83.7575168924568 1.3023372
7.7892537 143.0691109776371 -36.01844063085311 1.1926136
7.7892547 94.30873122907555 18.683164072792092 1.1134229
7.789263 46.93587001306869 -65.9196950906939 0.542974
7.789267 122.13178820573475 71.26961258094583 0.9675789
7.78927 58.778883146275774 27.064524232612403 1.1934156
7.7892985 253.0866629397267 -50.92127798615432 1.8295393
7.7893047 17.69064395309397 -12.027745738324981 1.5474563
7.789321 280.3958992968683 43.549656676791265 0.4861765
7.7893353 313.89934127063054 -60.522256366772154 1.9055014
7.7893424 36.04513586857625 39.34605000379507 -0.04639721
7.789362 87.98488184319883 39.562767632048505 0.5102043
7.789383 196.07960427310843 -17.23717117087351 0.58107805
7.7894087 172.97122463937066 -55.73508060736272 3.1372771
7.789445 8.996902102075316 44.03206866303902 2.5157719
7.789467 182.6580928519757 -25.100889169658466 3.8201175
7.7895536 27.116678615062128 -64.35255495209519 1.1057386
7.7895713 52.244152782398494 -63.96179151952184 1.4028325
7.7895913 253.2553507208625 34.89973917636373 1.2293725
7.7896185 321.4261553685859 -24.757530992583273 1.2130384
7.789641 117.22383526562615 -24.974471438525526 0.75775146
7.7897005 321.3370420439046 3.2563178433742666 3.2064257
7.789747 123.06767133131541 -71.26649418551543 0.5845113
7.7897496 29.380652327883848 46.21525508818088 1.7371988
7.7897644 17.069868273399102 67.4833695396076 2.1092262
7.7897825 72.44113174240255 21.949674910099493 0.3111925
7.7898316 200.90570738384292 17.321143368820135 0.62823534
7.7898364 39.69152348552795 33.41858691113958 1.3184953
7.7898517 86.3425715722073 -20.090226211461516 1.3273153
7.789862 202.68315432372802 37.77466189767218 2.4694662
7.789896 288.16169619082086 6.882849899819441 3.272604
7.789902 354.27669755754556 53.4527607391417 0.103619576
7.78992 33.94139725992377 55.99629433650835 0.2523389
7.789955 35.12821648317518 -6.379168646990328 0.63719463
7.789978 50.909451338410506 45.54482759146978 1.4203434
7.7899947 9.032112966936415 -20.758468057063784 0.5857849
7.790007 59.73372002132997 -35.778564826792184 1.3670268
7.790045 238.29861349970918 -65.00301766178012 0.009768009
7.7900624 259.0635935678221 -55.13214119250831 3.2409892
7.7900686 10.289026638989766 49.96738316950819 1.1475196
7.7900944 352.00278946668925 21.362065570665983 0.9473648
7.790096 120.50912946278702 -35.15137601343573 1.5329242
7.7901087 287.44464355812323 47.746839770314665 1.2242446
7.7901425 195.00745643454158 32.08423977368468 0.6763544
7.790145 104.57154489578846 -35.41910139792684 0.15685225
7.790157 57.74878639687604 -48.52683018116132 0.5678725
7.7901673 304.9157203390578 -40.64789003846432 1.1636395
7.7901764 288.18718127028103 -47.15448201918077 1.5808635
7.79018 26.878337748079023 -69.88219750083881 1.2476692
7.7902193 326.6661214556603 52.96902065888378 2.6398716
7.790298 207.6164262812578 -39.09828099077589 0.07668543
7.7903457 152.8412611853919 64.54340574688352 1.1998343
7.790352 50.71969573980905 -51.31209403084471 0.6614833
7.790359 315.5086030141464 3.7659966324057788 0.6066952
7.7903695 89.02899305435993 -34.25514426931597 2.2581244
7.7903705 258.81079899370707 -57.81874900280424 0.04125786
7.790436 139.9566926811889 24.416181396949916 0.6662011
7.79046 285.10640811209583 39.337915401347956 0.6763158
7.790495 26.24877055500939 55.15695709793964 1.3430285
7.790504 110.79701043949463 -39.090794845066185 0.46517372
7.7905107 279.8826626603723 -54.151922024089664 0.66800547
7.790522 321.25210611024437 24.424274223935743 1.8287535
7.7905416 333.5596848681372 -5.746257543218896 0.6014905
7.790577 308.6749719461787 -55.49644942435798 2.2540278
7.790598 323.44139624791796 32.43070917236111 1.3383493
7.7906218 217.03984968864472 37.556756191324055 1.1080031
7.7906294 161.17019759202833 -63.80980685987808 1.3533425
7.7906423 73.82724546279027 2.962965863468476 0.483881
7.790647 145.64250050006666 -62.748844683158566 0.31580353
7.790678 99.41650447922457 1.8114601825713184 -0.15493965
7.790683 96.25405349636166 10.517576169401224 0.28559875
7.790723 106.3505573760552 -38.2339650107792 0.03253746
7.7907667 107.1315672418955 67.29284960417841 1.377327
7.7907953 290.54808257646806 -55.66391903051338 1.1249728
7.7908125 119.26663609116639 2.9508408352457622 -0.23254824
7.7908444 229.6348898524618 -49.39629734164804 4.9281316
7.7908444 70.91146046989043 -58.55586341473365 1.5356832
7.7908483 153.20816657373845 -7.870563595464862 0.9568863
7.7908726 73.92443435536003 20.0007349028319 0.9445715
7.7908754 83.31113105363751 -47.19994774187164 1.8868923
7.7908897 128.2704447967418 11.26805123540195 0.8413105
7.7908983 61.218117104800214 -30.221969580578097 0.4596181
7.7909007 54.90952015615333 -43.50966317220628 1.099669
7.7909465 187.43366564041978 2.6184670560225816 2.724512
7.790963 190.9184917659486 -35.41409143155286 0.48867035
7.7910533 66.4094565555924 29.526657995581274 1.4070563
7.791072 257.8807816290968 -9.92756570291956 1.5023971
7.791076 277.9773851619406 28.888618816422536 1.2423434
7.7911077 322.519467399156 45.63667513554366 1.3016238
7.7911334 345.4057693454813 -57.288095253444 1.5044503
7.791138 35.84993259722243 -56.81306690035493 0.14871407
7.7911477 86.54405793035524 22.772545925029544 1.4223742
7.791172 246.4984851510763 78.46377292129684 2.5296679
7.7912154 55.90403012116533 20.716180130397543 1.2553687
7.7912583 131.8664864418256 -46.45107834877133 0.0505538
7.7912726 303.1848924138082 38.39183038133775 1.2986789
7.791273 316.53213001266585 44.79275214290414 1.2644339
7.7912755 56.78179211970125 52.67822657882644 3.9022884
7.7912765 266.90738940026046 -38.36005954271277 1.7327962
7.791291 139.34580923866534 -32.633929341350886 1.1760616
7.791318 163.38114022248928 49.2312559202526 0.14343405
7.791343 142.51045004362072 32.04110413290847 0.80227995
7.791347 311.8191898501621 -27.698482908359477 0.62267876
7.7913594 120.42258002949993 9.627003901609298 1.1623759
7.791369 111.45842162712646 48.688971855728305 1.184732
7.7913747 208.15936967785368 0.825087241496012 1.2008986
7.7913747 122.37705492717804 32.22189227534167 0.59131956
7.791382 167.05704488498662 3.533356571505492 0.18385267
7.7913933 33.79953112067052 -12.052075944693838 0.1614089
7.7913976 143.04933566716923 -3.515099637754441 0.9596195
7.79141 52.85195576288027 17.811268604340235 1.4390483
7.7914414 242.7892779310206 -40.128535738769976 0.59898996
7.7914457 253.37717580525393 -63.23525876804447 0.24546576
7.791458 6.74843514646053 7.122733709110586 1.1395965
7.7914743 275.60378720441855 36.90063395577395 0.5962558
7.791483 267.19479087183163 3.588509418379666 3.567821
7.7914834 325.3414960966692 35.45169804987314 1.9348102
7.7915487 315.52295074382795 47.61537978691465 1.1352973
7.7915606 151.66646270077467 -29.136259577316146 1.2780886
7.7915797 255.28187500548327 -53.9804520805685 1.6488671
7.791582 358.3002036124964 5.157495807052437 1.2136765
7.791583 246.0677578976 -55.219579083965776 0.09090471
7.791616 86.63628120244437 25.275027616140374 1.9819407
7.79163 112.38533258813851 6.661272468801742 2.04005
7.7917056 97.92398637691984 43.714456356489755 1.2526741
7.791751 244.16174520595138 -64.16455439134846 1.1187735
7.791753 285.85646089359034 26.052966085036665 0.14471483
7.791767 41.86215509574592 1.0595603123262038 0.7089577
7.7918124 259.5617224469675 -0.7648665507871262 0.6652441
7.7918186 210.4889054525439 21.556163466563316 0.7616763
7.7918215 337.6126909912825 56.85520197949428 1.2217593
7.791827 119.19555909312022 9.048179317385905 0.2837577
7.791847 329.43067252966307 -36.63921683245556 1.2037034
