gaia-dr3-mag8.ecsv
# %ECSV 1.0
# ---
# datatype:
# -
#   name: phot_g_mean_mag
#   datatype: float32
#   unit: mag
#   description: G-band mean magnitude
#   meta:
#     ucd: phot.mag;em.opt
# -
#   name: ra
#   datatype: float64
#   unit: deg
#   description: Right ascension
#   meta:
#     ucd: pos.eq.ra;meta.main
#     utype: stc:AstroCoords.Position3D.Value3.C1
#     CoosysSystem: ICRS
#     CoosysEpoch: J2016.0
# -
#   name: dec
#   datatype: float64
#   unit: deg
#   description: Declination
#   meta:
#     ucd: pos.eq.dec;meta.main
#     utype: stc:AstroCoords.Position3D.Value3.C2
#     CoosysSystem: ICRS
#     CoosysEpoch: J2016.0
# -
#   name: bp_rp
#   datatype: float32
#   unit: mag
#   description: BP - RP colour
#   meta:
#     ucd: phot.color;em.opt.B;em.opt.R
# meta:
#   name: result
#   QUERY_STATUS: OK
#   QUERY: 'SELECT phot_g_mean_mag, ra, dec, bp_rp FROM gaiadr3.gaia_source WHERE phot_g_mean_mag < 8.0'
#   JOBID: 1719964238171O
#   RELEASE: Gaia DR3
phot_g_mean_mag ra dec bp_rp
[from data line 5029]
5.7291913 283.69602266611844 48.858802557005475 0.6154332
5.7292404 281.34918079757324 -56.88206114878219 1.58496
5.7292986 338.9016915680422 -23.991122724994593 1.1184878
5.729347 222.5665811155293 23.91198355603319 0.7586899
5.7293477 52.41268931082803 -6.804849667838861 1.156333
5.72955 85.84038633601946 -18.55753511737535 -0.03360033
5.7296476 68.47801486666576 -6.738938425362701 -0.14077091
5.729797 319.86989206875995 49.51030403166919 -0.17105103
5.729844 30.927509239965115 18.25316032057009 1.6039929
5.7303557 3.779136112332307 31.53570332468127 1.7880416
5.7303596 269.1744931153828 -28.06547824585334 0.28115368
5.7304096 81.49928861493368 -19.695494026525274 0.58798265
5.730772 300.20132944292317 -45.112903507389575 0.42104912
5.7307873 82.47823531575679 1.78925501143748 -0.2964115
5.731054 204.67485056915038 -29.561209333706493 0.56677437
5.7311015 97.74952445597148 -40.91620317200678 1.5353069
5.731104 42.99483489071468 68.8884657149681 0.9997387
5.7312317 95.94226768022301 -15.071246490743395 1.6535821
5.7315254 198.30067139343956 18.726789243697933 1.3927436
5.731674 136.00163971472082 54.28389394760479 0.044647217
5.731692 74.02944308941125 52.86980380344516 0.15285444
5.7316947 308.27754876585936 54.45698384273489 2.4631128
5.731708 121.13592310260873 -25.69980556072526 1.9038773
5.7317667 88.08432345344616 -57.156538448539564 0.8733754
5.731832 183.3541558443944 -38.92923379181999 -0.18248463
5.7320876 147.51058113327215 -42.02038747449459 4.8153105
5.7322764 296.9525878834194 25.383961875826962 1.1646509
5.732291 107.84601815040936 26.85644205827597 0.18247032
5.732475 186.31322150232552 23.9260212052633 1.2545457
5.7325335 261.1314628532781 16.30088121845386 0.11852074
5.732664 149.30697224125618 57.4179305137599 1.0497127
5.732681 133.146760620834 28.329783000362703 1.0086718
5.7329264 214.75195942793653 -25.81380529238654 0.69151926
5.732945 71.68536714310615 40.31241433179823 1.1067901
5.733128 157.7447002845562 -7.637557207818512 1.7523155
5.733199 261.07834472537894 -60.67384990492406 -0.05400467
5.7333937 85.78885138769289 -1.613387377959241 1.7305365
5.734039 207.94661984787194 -46.89873741820477 -0.22623158
5.73446 163.15036236900065 -0.20176476183636102 1.7094893
5.734921 345.3484346454944 -7.061189587607636 1.5993104
5.7349668 14.559440907551492 33.95056749428787 1.1452465
5.735034 96.32000541037081 -0.9468533456659971 0.73482513
5.7356143 139.4651226715679 -67.05080589014871 1.4339862
5.7357125 55.45077760895177 62.648428776586236 3.1495233
5.736194 278.4127106253529 -14.853656481685626 0.04777956
5.736358 92.4332717548781 23.11345257086117 0.34471035
5.7363853 30.039192191777932 3.095874140509905 0.7556186
5.736545 208.56848167654172 -28.56990914777349 1.2609138
5.736586 40.7620968624237 55.10592188825788 -0.14834404
5.736858 246.105664589056 55.20518903906558 0.009535313
5.7371325 297.20905624147304 -12.319513613923412 1.9946785
5.737208 103.74546486167954 -2.8035957845437154 1.230978
5.7375913 265.996675487712 53.80163166547397 0.051790714
5.7378635 262.7029354484284 86.9680905441255 0.2867546
5.738196 110.6057382329205 -5.982867319045676 0.51009893
5.7382703 67.41234934048092 5.164190660659742 2.740117
5.7383237 173.61931513361625 -32.82768460705796 1.0040288
5.73848 266.2329261314834 -57.5455952689127 1.0756731
5.738594 101.37993618698829 -30.948959892305197 -0.23073053
5.7387695 351.78136256819386 42.91208603012278 0.0010581017
5.7390065 343.99345700127526 62.43228144471603 2.0715098
5.739101 307.33497078368316 36.4547172676802 0.714561
5.739139 310.64782760182084 82.53124936722547 0.0121665
5.7392054 14.054396176153885 57.99648887851692 1.5414104
5.739212 154.8609167860724 48.39627209826244 1.1523252
5.739221 303.13205317008345 51.46349616450087 1.2664366
5.7392387 69.59037771031555 -77.65605475397481 1.2578926
5.739313 277.76838797409835 16.928461120173058 0.11772728
5.739568 287.71482376013824 -15.077825962507204 3.2980661
5.7396293 262.68167274103945 57.8767628849294 1.5795722
5.7396336 331.0993307875643 -29.91651962860568 1.9762874
5.739681 308.47861513356236 46.69387431521622 -0.1629467
5.7397327 201.27777271034293 23.854386410994824 0.11215687
5.739992 102.3183358415162 -2.2720573881364743 -0.13265371
5.7400913 62.517671040145835 86.6257518352826 0.53635263
5.7409463 357.3644634077819 1.0760072469746789 0.23631763
5.7409472 193.7424583658247 -44.152955879407685 0.770072
5.7409987 342.0337361293378 49.58268023120199 2.5084305
5.7410297 94.92067822842506 -34.396584378135636 -0.09847689
5.7411275 259.69920736313196 -44.12981889222453 -0.0418396
5.7412486 75.09673259461283 39.65464176534589 1.9697185
5.7414846 293.86635375643914 -62.7593568883636 4.1817594
5.7416806 105.52804631763978 -3.754836072279441 2.1529326
5.741994 285.0149813489702 -66.65381282442891 1.1042519
5.742062 0.5736917667771836 60.70311871281865 2.373352
5.742402 228.71069080694502 -5.502514569621028 1.6697073
5.74267 40.45132124956533 -3.213851482191906 1.3022447
5.742789 280.5746576463633 -7.337325565164043 2.6788902
5.742878 265.7728371911916 44.08447532773139 1.8405309
5.7428937 128.6827094838439 36.41943921090991 0.08562994
5.7431846 303.96105165061135 -30.005248081941357 1.6975842
5.743256 81.23155149928509 -44.22565717716436 1.3385072
5.743348 35.7091523558086 41.395854844342004 0.40337706
5.7435374 11.848515811582134 6.740882573212831 1.0868211
5.7436213 80.43150610909267 8.428547397522312 -0.16067696
5.7437825 227.0503482758016 -40.584072205097485 -0.12806606
5.743814 106.19611576396603 -22.031843918345455 1.3289237
5.743918 218.38415406764233 -54.99863843699173 0.6332588
5.744021 269.42372047124906 -76.17795880883646 1.3158207
5.7443647 313.68537333843636 75.92576541251874 1.1122513
5.7443867 354.7559417735167 52.26245633905297 4.288379
5.744507 152.97424165359413 -35.32473670599682 2.3683696
5.7445254 53.14990051144888 9.373236488496987 -0.081475735
5.744723 267.5422195700878 78.30657982329681 1.6363907
5.744811 272.7683326374814 -47.51325668412791 1.3180442
5.744844 318.1931255197794 -14.392603272764438 4.107804
5.7456656 323.23592286366915 49.97768092470828 -0.03677368
5.7461348 94.90885882492695 -22.10307579837226 1.6646662
5.746269 193.79243031427893 -68.90679268637989 2.3629065
5.7463493 275.99995423484376 43.907707273080234 2.2161455
5.7464166 17.139594927737946 58.263392887622565 0.020333767
5.746495 252.85376827702493 1.2158966052986933 0.070837975
5.7465057 112.35711925402208 -7.550587091980308 0.64224863
5.7465944 221.98979784776856 -26.646187620015887 0.030273914
5.746924 116.91051666191507 -15.99067324200254 1.793302
5.7469697 160.8372702624457 4.7475221099403795 1.379406
5.7470355 359.3311763318232 61.0261868279287 2.2429156
5.7472363 41.137396662746795 15.311787711394171 0.016346455
5.747388 306.42716075365024 -2.800547759921385 1.3491726
5.747452 71.48070679299407 -39.356702753244576 1.2296915
5.747592 137.88904157808474 -46.58387367852759 -0.2988782
5.747748 112.27042928921763 -31.456195781261332 -0.27223444
5.7478204 112.21425019053781 -64.5098451837811 1.8496685
5.747822 359.2842645935532 -26.62334481261231 1.6178827
5.74824 285.87336744757323 -68.75560682831684 0.70996714
5.7483845 86.64512552932929 1.167566977088821 0.9132886
5.748618 37.20172147073944 29.93207572910548 0.77228355
5.749035 133.45264754209023 -60.35386653230575 -0.094223976
5.749049 294.21859853168024 11.27320865723358 1.0483656
5.7496624 332.6409274763879 -4.266840375389542 1.1068864
5.749745 114.68286925912443 -36.49680797433348 -0.20036697
5.7501225 181.3958845233057 -5.845872854891318 2.2878046
5.7502794 336.4457465427003 63.32832333188931 2.5749683
5.750303 279.39990644626306 -0.3095680277524263 0.11377478
5.750317 239.02428174313732 -60.482812183928566 0.09545517
5.751 330.2093461918356 -28.453738087677383 -0.05530882
5.751262 68.15655502745197 -3.2096121288297184 -0.15768147
5.7512817 299.04423472288204 -38.32663905874482 2.2119403
5.7514873 279.6279643195617 -23.504986703954764 0.01810503
5.751549 190.3159322484771 -13.013862793568546 0.5669403
5.7517166 117.52357753824197 -19.523518844357163 1.3691092
5.7519093 196.97327882275843 27.555677663564147 1.5002103
5.7519455 68.75984011657683 17.20122001230962 2.3982186
5.752026 56.47708455753871 24.55430537374798 -0.02298975
5.7520456 300.34940223658106 -22.73736591247416 1.115252
5.7520566 192.3222409082568 27.552474664136554 0.067370415
5.752431 354.8379071218525 74.00262970902597 1.0492501
5.752477 100.27263199089745 0.4952968742617933 -0.09634161
5.7526765 190.31701388087563 -13.014865418932336 0.62038755
5.752738 21.944730409404304 -10.901508017351343 1.5413609
5.7528563 100.77759965707243 3.033758398521551 1.4992886
5.7530875 13.367638761689703 37.41801960301692 1.2789779
5.7531447 241.90154000422788 -12.745522527393279 0.051974773
5.7531686 314.10640440953034 50.728497646676914 0.4756956
5.7531953 238.87737663605913 -31.0835226303683 1.5262718
5.7533727 138.8085004344982 34.63373116387167 1.0494552
5.753567 94.74571724569302 -20.925590465756475 -0.20202589
5.753909 111.46331684094133 -5.77497299759698 1.0681591
5.754037 114.14411698435494 5.862294878152529 0.7641463
5.7541013 209.66215304481784 21.69601412116496 0.010216236
5.754313 304.9304550646953 -1.0783680695565985 1.2397408
5.754441 244.57269971477407 -46.449836026826475 3.5753398
5.754673 155.11429001297583 -72.13014029860842 2.712996
5.7549343 166.68356866906007 17.737247695185403 1.8822713
5.754958 205.1684008370848 19.95582129876873 0.034893036
5.7552195 124.60104883936589 -12.63656179358332 0.93622494
5.7553086 25.79626750235481 48.51674892720531 2.4354477
5.7554855 352.8626227212408 -44.843681709045576 1.1586704
5.75616 240.97790504483729 -24.726289660984136 1.5536113
5.756682 61.33523408583346 22.008324337407693 0.8038416
5.756836 150.70578586443781 -62.156650706359166 1.8574758
5.756967 349.1996572046913 10.599009270065922 3.9452577
5.757996 342.845176628862 61.696932196602305 0.9684949
5.758055 108.10981350998176 24.128390872573934 0.52474594
5.758081 3.72723968859906 -9.569605855653021 -0.10453987
5.758239 113.57981524660254 -23.47494870798206 0.59349394
5.758384 265.7554989522247 29.652851305466935 2.9105663
5.7583985 216.79967756364022 -46.13458697620193 0.40384007
5.7584205 46.15872572707686 1.8636040728799033 1.2083216
5.758917 274.2213332810744 -3.00861880187158 1.0879393
5.7590294 194.9145101892268 -3.8118898114516355 0.26502848
5.759232 341.5434820055216 44.54619859126277 0.48450232
5.7595143 342.8371993387952 -29.53636605620745 1.0660734
5.7595687 343.36970155369846 -11.616504624102234 -0.09439325
5.7598104 98.81594550702363 0.8902120028088099 0.054712296
5.759863 232.0554109575646 -37.358689529901156 2.765644
5.7599316 59.3598987973704 24.461902028414737 1.4947939
5.760108 330.4608541884468 52.88225960267729 -0.13457966
5.7601547 142.9816669371546 -10.370247591439727 1.3507872
5.760222 18.676574307133958 6.99503322383463 1.2036514
5.760267 111.3552388181545 -25.217765262362363 -0.10510874
5.760395 73.95896956660513 15.040215086297042 -0.1012969
5.7604303 195.14969115676405 -3.3682812977811083 1.2501445
5.7605176 49.67204865586184 -18.56007284990113 0.47635746
5.760543 278.802565739202 18.203424146479605 0.036367416
5.760732 158.55288080712106 -60.98762921365539 1.5907483
5.7610083 161.90284410967712 65.61646557301746 2.6932263
5.7610884 48.57175963402927 74.24303294541919 2.480977
5.761178 280.9005712111233 36.55686499571175 1.2056375
5.761738 155.75179755679474 6.542204486671357 1.2543879
5.761835 327.89280141831136 19.82674256638625 -0.14197206
5.76202 25.832437982088717 60.55127983307945 0.03789711
5.76219 191.35732619850046 -71.71135707084277 2.8655944
5.7625556 13.742732461992794 23.628138931773037 1.1443229
5.763099 29.921731138480457 -66.06653137913915 1.3069296
5.7634697 315.30357669801555 36.02598891296805 1.1144705
5.763479 8.889088567969436 -54.82209777584097 1.1977191
5.763619 48.05941829716149 27.256886935373544 -0.1258192
5.7637157 259.1780703053173 -6.245010819812721 1.2736034
5.7637362 4.463567264237269 20.226947690244085 2.6247058
5.763762 235.2463528812257 16.024515398930912 1.0729556
5.763813 91.76530034098246 -34.31202307957271 -0.092977524
5.7639294 250.16119838979262 4.219743301756353 -0.006635666
5.764079 233.9873704019351 54.630503398450905 0.058218002
5.764152 17.8221069491397 -13.503269544494872 2.8660612
5.764575 227.53038007169374 -38.792601188183546 1.040226
5.7647185 141.36238093903856 -61.95023274061885 0.19509554
5.764905 115.19658888534282 13.771221577769092 1.5358968
5.7650576 304.0026276319744 45.57928128895278 0.5798731
5.7654085 280.96462055609265 10.901142845266667 2.1502166
5.766062 10.11468419994352 -59.45262733734352 0.7356639
5.7661257 74.75506947474696 -16.375396327059317 0.6298113
5.7661414 223.34694623244295 19.153760857444336 1.0409293
5.7662086 255.99194599045865 13.566843575312138 1.2219405
5.7669787 147.7583523428106 13.06620716721426 1.907033
5.7672553 117.42077381604983 -66.19597529808121 -0.039845467
5.767693 128.96668651968724 -50.969598127492105 -0.15382671
5.767746 286.66025504289036 24.250849627163333 0.13964558
5.7678313 265.3177458738933 -46.921880881490516 0.023624897
5.767832 303.20758135462177 49.45096821211834 4.2825956
5.768028 273.77129052952154 -29.8230820086469 2.3900886
5.768646 255.13483295826148 -45.451763920686844 2.174293
5.7686815 341.55920561063914 -11.166443964126444 2.2889318
5.768804 237.52930989295356 -53.20994525083356 -0.088670254
5.768853 152.82958904974993 -18.957520364103186 2.3833923
5.7688904 205.6810279955157 34.98907124255656 1.0304995
5.768905 173.401542709273 2.4989563656609604 1.9510303
5.7690916 162.5752093347099 -8.89783522211752 0.2289114
5.769212 235.4776968650201 18.46427791956542 0.2682991
5.769297 102.50907753204157 12.058108311372084 2.4922018
5.7694044 171.9945227042001 -35.32885576589608 1.8732886
5.7695527 304.3858330649528 66.85501172532437 0.77145576
5.7696824 103.27093337547787 59.44833227057253 0.88372946
5.769759 76.09002354106302 21.277815596798852 1.4862657
5.769932 106.44680866036711 31.39327786825199 2.2235851
5.7701674 16.78953544200103 53.49817009028148 1.6870646
5.770218 271.530815827487 -8.32402158519454 0.38549137
5.7703414 354.6011600257353 -76.86965491913705 1.057137
5.7711134 182.93718652135001 57.05433099760231 1.7166939
5.7712097 331.9593796949928 21.702623760678637 -0.06462383
5.771353 118.8809364775741 8.862441705606342 0.49856997
5.77173 272.4896168418467 -59.04019351345336 1.7768054
5.7719135 229.15284736296488 -60.90401332040738 -0.11231947
5.772311 155.96077175174554 -57.9539817397051 1.7069359
5.7723784 276.95618574852966 -29.81678977185125 0.6698203
5.7724166 60.442260050347976 9.998019487956286 0.0432539
5.772599 130.9763859176518 -68.21147032579252 1.6934762
5.7727537 106.77942865994382 -40.89321989427857 -0.24470901
5.77283 62.901064036546856 -20.35592816961724 0.2022562
5.7729917 244.18673336655053 29.150187085266474 0.10333252
5.7730365 96.05739217430326 -60.28118544009219 -0.003583908
5.773683 292.2540993913607 1.9503049267240877 0.12456274
5.773685 60.89106656069647 -25.84791905650465 2.099275
5.7739487 283.7187904962969 33.9685667911987 1.1362996
5.773994 133.56159614489104 30.579017324597384 1.0303912
5.774013 281.20668389608085 -25.011008268221772 0.115647316
5.774379 29.132032648127876 70.20378671458117 2.7264867
5.774464 332.24579261125325 -18.519629770432715 -0.23638535
5.774477 269.0766449413362 0.6703520591212176 0.15889406
5.774587 167.31973547875617 51.37897123000413 2.6116147
5.7749476 79.66805870241498 40.46506119882559 1.4925108
5.775079 151.88882486750245 0.9182886275170065 2.3643851
5.7750835 181.41494878126738 62.93279649333311 1.370276
5.7753572 152.28204857935233 63.952428151630976 2.0448656
5.7753763 40.52764934192722 -38.38362928518489 1.0642114
5.7754393 248.75245151164074 60.468154932261776 3.2072306
5.7756286 167.4725710489084 -32.36766050826112 0.044998646
5.7756515 1.2757673770864828 61.31397922120094 -0.07584524
